
  ----------------------------------------------------------------------------------------------------------------------------
  IPGKinematics  Version 3.6.7                                            Model: Querlenker                                   
  ----------------------------------------------------------------------------------------------------------------------------

   Table: Reciprocal Kinematics                                           FSE06 front suspension                              

  WhlTraL  WhlTraR    RCLat   RCVert   RCHeig     ToeL     ToeR  CamberL  CamberR  TotRoll  TransZL  TransZR WhlLoadL WhlLoadR
     [mm]     [mm]     [mm]     [mm]     [mm]    [min]    [min]    [deg]    [deg]    [deg]     [mm]     [mm]      [N]      [N]

     0.00     0.00     0.00  -172.38    27.62    -8.00    -8.00    -1.50    -1.50     0.00     0.00     0.00   668.47   668.47
     0.00     2.00    -4.80  -172.17    26.99    -8.00    -8.04    -1.50    -1.55    -0.07     0.00     1.68   668.47   703.69
     0.00     4.00    -9.86  -171.96    26.36    -8.00    -8.07    -1.50    -1.60    -0.15     0.00     3.36   668.47   738.49
     0.00     6.00   -15.21  -171.73    25.75    -8.00    -8.10    -1.50    -1.65    -0.22     0.00     5.05   668.47   772.82
     0.00     8.00   -20.88  -171.49    25.14    -8.00    -8.13    -1.50    -1.70    -0.30     0.00     6.74   668.47   806.62
     0.00    10.00   -26.89  -171.23    24.55    -8.00    -8.15    -1.50    -1.75    -0.37     0.00     8.44   668.47   839.84
     0.00    12.00   -33.27  -170.96    23.97    -8.00    -8.16    -1.50    -1.81    -0.45     0.00    10.14   668.47   872.42
     0.00    14.00   -40.06  -170.67    23.40    -8.00    -8.17    -1.50    -1.86    -0.52     0.00    11.85   668.47   904.28
     0.00    16.00   -47.30  -170.36    22.85    -8.00    -8.18    -1.50    -1.92    -0.60     0.00    13.57   668.47   935.35
     0.00    18.00   -55.03  -170.03    22.32    -8.00    -8.19    -1.50    -1.98    -0.68     0.00    15.29   668.47   965.54
     0.00    20.00   -63.31  -169.68    21.80    -8.00    -8.19    -1.50    -2.03    -0.75     0.00    17.03   668.47   994.73
     0.00    22.00   -72.20  -169.30    21.31    -8.00    -8.20    -1.50    -2.09    -0.83     0.00    18.77   668.47  1022.82
     0.00    24.00   -81.77  -168.89    20.84    -8.00    -8.20    -1.50    -2.15    -0.91     0.00    20.52   668.47  1049.67
     0.00    26.00   -92.11  -168.45    20.40    -8.00    -8.21    -1.50    -2.22    -0.99     0.00    22.29   668.47  1075.12
     0.00    28.00  -103.31  -167.97    19.98    -8.00    -8.21    -1.50    -2.28    -1.06     0.00    24.07   668.47  1098.97
     0.00    30.00  -115.50  -167.45    19.60    -8.00    -8.22    -1.50    -2.34    -1.14     0.00    25.87   668.47  1121.00
     0.00    32.00  -128.82  -166.88    19.26    -8.00    -8.23    -1.50    -2.41    -1.22     0.00    27.69   668.47  1140.93
     0.00    34.00  -143.46  -166.26    18.96    -8.00    -8.25    -1.50    -2.48    -1.31     0.00    29.52   668.47  1158.41
     0.00    36.00  -159.63  -165.57    18.71    -8.00    -8.28    -1.50    -2.55    -1.39     0.00    31.39   668.47  1173.00
     0.00    38.00  -177.65  -164.80    18.53    -8.00    -8.33    -1.50    -2.62    -1.47     0.00    33.28   668.47  1184.13
     0.00     0.00     0.00  -172.38    27.62    -8.00    -8.00    -1.50    -1.50     0.00     0.00     0.00   668.47   668.47
     0.00    -2.00     4.55  -172.57    28.27    -8.00    -7.96    -1.50    -1.45     0.07     0.00    -1.68   668.47   632.86
     0.00    -4.00     8.87  -172.75    28.92    -8.00    -7.90    -1.50    -1.41     0.15     0.00    -3.35   668.47   596.91
     0.00    -6.00    12.98  -172.93    29.58    -8.00    -7.85    -1.50    -1.36     0.22     0.00    -5.02   668.47   560.65
     0.00    -8.00    16.89  -173.10    30.25    -8.00    -7.78    -1.50    -1.31     0.30     0.00    -6.69   668.47   524.11
     0.00   -10.00    20.61  -173.25    30.92    -8.00    -7.72    -1.50    -1.27     0.37     0.00    -8.35   668.47   487.32
     0.00   -12.00    24.16  -173.41    31.60    -8.00    -7.64    -1.50    -1.23     0.44     0.00   -10.02   668.47   450.32
     0.00   -14.00    27.55  -173.55    32.29    -8.00    -7.56    -1.50    -1.18     0.52     0.00   -11.68   668.47   413.12
     0.00   -16.00    30.79  -173.69    32.98    -8.00    -7.47    -1.50    -1.14     0.59     0.00   -13.34   668.47   375.75
     0.00   -18.00    33.88  -173.82    33.68    -8.00    -7.37    -1.50    -1.10     0.66     0.00   -15.00   668.47   338.24
     0.00   -20.00    36.85  -173.95    34.38    -8.00    -7.27    -1.50    -1.06     0.74     0.00   -16.66   668.47   300.60
     0.00   -22.00    39.68  -174.07    35.09    -8.00    -7.15    -1.50    -1.02     0.81     0.00   -18.32   668.47   262.85
     0.00   -24.00    42.40  -174.18    35.80    -8.00    -7.04    -1.50    -0.99     0.88     0.00   -19.98   668.47   225.02
     0.00   -26.00    45.01  -174.29    36.52    -8.00    -6.91    -1.50    -0.95     0.96     0.00   -21.63   668.47   187.12
     0.00   -28.00    47.51  -174.40    37.24    -8.00    -6.78    -1.50    -0.91     1.03     0.00   -23.29   668.47   149.16
     0.00   -30.00    49.91  -174.50    37.96    -8.00    -6.63    -1.50    -0.88     1.10     0.00   -24.94   668.47   111.16
     0.00   -32.00    52.22  -174.60    38.69    -8.00    -6.48    -1.50    -0.84     1.18     0.00   -26.60   668.47    73.15
     0.00   -34.00    54.43  -174.70    39.42    -8.00    -6.33    -1.50    -0.81     1.25     0.00   -28.25   668.47    35.12
     0.00   -36.00    56.41  -174.78    40.10    -8.00    -6.17    -1.50    -0.78     1.32     0.00   -29.78   668.47     0.00
     2.00     0.00     4.80  -172.17    26.99    -8.04    -8.00    -1.55    -1.50     0.07     1.68     0.00   703.69   668.47
     2.00     2.00     0.00  -171.98    26.34    -8.04    -8.04    -1.55    -1.55     0.00     1.68     1.68   703.69   703.69
     2.00     4.00    -5.07  -171.77    25.71    -8.04    -8.07    -1.55    -1.60    -0.07     1.68     3.36   703.69   738.49
     2.00     6.00   -10.44  -171.55    25.08    -8.04    -8.10    -1.55    -1.65    -0.15     1.68     5.05   703.69   772.82
     2.00     8.00   -16.13  -171.32    24.47    -8.04    -8.13    -1.55    -1.70    -0.22     1.68     6.74   703.69   806.62
     2.00    10.00   -22.17  -171.08    23.86    -8.04    -8.15    -1.55    -1.75    -0.30     1.68     8.44   703.69   839.84
     2.00    12.00   -28.60  -170.81    23.27    -8.04    -8.16    -1.55    -1.81    -0.37     1.68    10.14   703.69   872.42
     2.00    14.00   -35.45  -170.54    22.70    -8.04    -8.17    -1.55    -1.86    -0.45     1.68    11.85   703.69   904.28
     2.00    16.00   -42.76  -170.24    22.13    -8.04    -8.18    -1.55    -1.92    -0.53     1.68    13.57   703.69   935.35
     2.00    18.00   -50.59  -169.92    21.59    -8.04    -8.19    -1.55    -1.98    -0.60     1.68    15.29   703.69   965.54
     2.00    20.00   -58.99  -169.58    21.06    -8.04    -8.19    -1.55    -2.03    -0.68     1.68    17.03   703.69   994.73
     2.00    22.00   -68.02  -169.21    20.56    -8.04    -8.20    -1.55    -2.09    -0.76     1.68    18.77   703.69  1022.82
     2.00    24.00   -77.77  -168.82    20.07    -8.04    -8.20    -1.55    -2.15    -0.83     1.68    20.52   703.69  1049.67
     2.00    26.00   -88.32  -168.39    19.62    -8.04    -8.21    -1.55    -2.22    -0.91     1.68    22.29   703.69  1075.12
     2.00    28.00   -99.78  -167.92    19.19    -8.04    -8.21    -1.55    -2.28    -0.99     1.68    24.07   703.69  1098.97
     2.00    30.00  -112.29  -167.41    18.80    -8.04    -8.22    -1.55    -2.34    -1.07     1.68    25.87   703.69  1121.00
     2.00    32.00  -125.99  -166.85    18.45    -8.04    -8.23    -1.55    -2.41    -1.15     1.68    27.69   703.69  1140.93
     2.00    34.00  -141.10  -166.24    18.14    -8.04    -8.25    -1.55    -2.48    -1.23     1.68    29.52   703.69  1158.41
     2.00    36.00  -157.85  -165.56    17.89    -8.04    -8.28    -1.55    -2.55    -1.31     1.68    31.39   703.69  1173.00
     2.00    38.00  -176.58  -164.80    17.70    -8.04    -8.33    -1.55    -2.62    -1.40     1.68    33.28   703.69  1184.13
     2.00     0.00     4.80  -172.17    26.99    -8.04    -8.00    -1.55    -1.50     0.07     1.68     0.00   703.69   668.47
     2.00    -2.00     9.34  -172.36    27.64    -8.04    -7.96    -1.55    -1.45     0.15     1.68    -1.68   703.69   632.86
     2.00    -4.00    13.65  -172.53    28.30    -8.04    -7.90    -1.55    -1.41     0.22     1.68    -3.35   703.69   596.91
     2.00    -6.00    17.74  -172.70    28.97    -8.04    -7.85    -1.55    -1.36     0.30     1.68    -5.02   703.69   560.65
     2.00    -8.00    21.63  -172.86    29.65    -8.04    -7.78    -1.55    -1.31     0.37     1.68    -6.69   703.69   524.11
     2.00   -10.00    25.34  -173.01    30.33    -8.04    -7.72    -1.55    -1.27     0.44     1.68    -8.35   703.69   487.32
     2.00   -12.00    28.86  -173.15    31.02    -8.04    -7.64    -1.55    -1.23     0.52     1.68   -10.02   703.69   450.32
     2.00   -14.00    32.23  -173.29    31.71    -8.04    -7.56    -1.55    -1.18     0.59     1.68   -11.68   703.69   413.12
     2.00   -16.00    35.43  -173.42    32.41    -8.04    -7.47    -1.55    -1.14     0.66     1.68   -13.34   703.69   375.75
     2.00   -18.00    38.50  -173.54    33.12    -8.04    -7.37    -1.55    -1.10     0.74     1.68   -15.00   703.69   338.24
     2.00   -20.00    41.43  -173.66    33.83    -8.04    -7.27    -1.55    -1.06     0.81     1.68   -16.66   703.69   300.60
     2.00   -22.00    44.23  -173.77    34.54    -8.04    -7.15    -1.55    -1.02     0.88     1.68   -18.32   703.69   262.85
     2.00   -24.00    46.92  -173.88    35.26    -8.04    -7.04    -1.55    -0.99     0.96     1.68   -19.98   703.69   225.02
     2.00   -26.00    49.49  -173.99    35.98    -8.04    -6.91    -1.55    -0.95     1.03     1.68   -21.63   703.69   187.12
     2.00   -28.00    51.95  -174.09    36.71    -8.04    -6.78    -1.55    -0.91     1.10     1.68   -23.29   703.69   149.16
     2.00   -30.00    54.32  -174.18    37.44    -8.04    -6.63    -1.55    -0.88     1.18     1.68   -24.94   703.69   111.16
     2.00   -32.00    56.59  -174.28    38.17    -8.04    -6.48    -1.55    -0.84     1.25     1.68   -26.60   703.69    73.15
     2.00   -34.00    58.77  -174.37    38.91    -8.04    -6.33    -1.55    -0.81     1.32     1.68   -28.25   703.69    35.12
     2.00   -36.00    60.71  -174.44    39.60    -8.04    -6.17    -1.55    -0.78     1.39     1.68   -29.78   703.69     0.00
     4.00     0.00     9.86  -171.96    26.36    -8.07    -8.00    -1.60    -1.50     0.15     3.36     0.00   738.49   668.47
     4.00     2.00     5.07  -171.77    25.71    -8.07    -8.04    -1.60    -1.55     0.07     3.36     1.68   738.49   703.69
     4.00     4.00     0.00  -171.57    25.06    -8.07    -8.07    -1.60    -1.60     0.00     3.36     3.36   738.49   738.49
     4.00     6.00    -5.37  -171.37    24.43    -8.07    -8.10    -1.60    -1.65    -0.07     3.36     5.05   738.49   772.82
     4.00     8.00   -11.08  -171.15    23.80    -8.07    -8.13    -1.60    -1.70    -0.15     3.36     6.74   738.49   806.62
     4.00    10.00   -17.15  -170.91    23.19    -8.07    -8.15    -1.60    -1.75    -0.22     3.36     8.44   738.49   839.84
     4.00    12.00   -23.62  -170.66    22.58    -8.07    -8.16    -1.60    -1.81    -0.30     3.36    10.14   738.49   872.42
     4.00    14.00   -30.52  -170.39    21.99    -8.07    -8.17    -1.60    -1.86    -0.38     3.36    11.85   738.49   904.28
     4.00    16.00   -37.91  -170.11    21.42    -8.07    -8.18    -1.60    -1.92    -0.45     3.36    13.57   738.49   935.35
     4.00    18.00   -45.82  -169.80    20.86    -8.07    -8.19    -1.60    -1.98    -0.53     3.36    15.29   738.49   965.54
     4.00    20.00   -54.34  -169.47    20.33    -8.07    -8.19    -1.60    -2.03    -0.60     3.36    17.03   738.49   994.73
     4.00    22.00   -63.51  -169.12    19.81    -8.07    -8.20    -1.60    -2.09    -0.68     3.36    18.77   738.49  1022.82
     4.00    24.00   -73.44  -168.73    19.31    -8.07    -8.20    -1.60    -2.15    -0.76     3.36    20.52   738.49  1049.67
     4.00    26.00   -84.21  -168.32    18.84    -8.07    -8.21    -1.60    -2.22    -0.84     3.36    22.29   738.49  1075.12
     4.00    28.00   -95.94  -167.86    18.41    -8.07    -8.21    -1.60    -2.28    -0.92     3.36    24.07   738.49  1098.97
     4.00    30.00  -108.77  -167.37    18.00    -8.07    -8.22    -1.60    -2.34    -1.00     3.36    25.87   738.49  1121.00
     4.00    32.00  -122.88  -166.82    17.64    -8.07    -8.23    -1.60    -2.41    -1.08     3.36    27.69   738.49  1140.93
     4.00    34.00  -138.49  -166.22    17.32    -8.07    -8.25    -1.60    -2.48    -1.16     3.36    29.52   738.49  1158.41
     4.00    36.00  -155.86  -165.55    17.06    -8.07    -8.28    -1.60    -2.55    -1.24     3.36    31.39   738.49  1173.00
     4.00    38.00  -175.36  -164.79    16.86    -8.07    -8.33    -1.60    -2.62    -1.32     3.36    33.28   738.49  1184.13
     4.00     0.00     9.86  -171.96    26.36    -8.07    -8.00    -1.60    -1.50     0.15     3.36     0.00   738.49   668.47
     4.00    -2.00    14.39  -172.13    27.03    -8.07    -7.96    -1.60    -1.45     0.22     3.36    -1.68   738.49   632.86
     4.00    -4.00    18.69  -172.30    27.70    -8.07    -7.90    -1.60    -1.41     0.30     3.36    -3.35   738.49   596.91
     4.00    -6.00    22.76  -172.45    28.37    -8.07    -7.85    -1.60    -1.36     0.37     3.36    -5.02   738.49   560.65
     4.00    -8.00    26.62  -172.60    29.06    -8.07    -7.78    -1.60    -1.31     0.44     3.36    -6.69   738.49   524.11
     4.00   -10.00    30.30  -172.75    29.75    -8.07    -7.72    -1.60    -1.27     0.52     3.36    -8.35   738.49   487.32
     4.00   -12.00    33.79  -172.88    30.45    -8.07    -7.64    -1.60    -1.23     0.59     3.36   -10.02   738.49   450.32
     4.00   -14.00    37.12  -173.01    31.15    -8.07    -7.56    -1.60    -1.18     0.67     3.36   -11.68   738.49   413.12
     4.00   -16.00    40.30  -173.13    31.85    -8.07    -7.47    -1.60    -1.14     0.74     3.36   -13.34   738.49   375.75
     4.00   -18.00    43.33  -173.25    32.57    -8.07    -7.37    -1.60    -1.10     0.81     3.36   -15.00   738.49   338.24
     4.00   -20.00    46.22  -173.36    33.28    -8.07    -7.27    -1.60    -1.06     0.89     3.36   -16.66   738.49   300.60
     4.00   -22.00    48.98  -173.47    34.00    -8.07    -7.15    -1.60    -1.02     0.96     3.36   -18.32   738.49   262.85
     4.00   -24.00    51.63  -173.57    34.73    -8.07    -7.04    -1.60    -0.99     1.03     3.36   -19.98   738.49   225.02
     4.00   -26.00    54.16  -173.67    35.46    -8.07    -6.91    -1.60    -0.95     1.11     3.36   -21.63   738.49   187.12
     4.00   -28.00    56.58  -173.76    36.19    -8.07    -6.78    -1.60    -0.91     1.18     3.36   -23.29   738.49   149.16
     4.00   -30.00    58.91  -173.85    36.93    -8.07    -6.63    -1.60    -0.88     1.25     3.36   -24.94   738.49   111.16
     4.00   -32.00    61.13  -173.94    37.67    -8.07    -6.48    -1.60    -0.84     1.33     3.36   -26.60   738.49    73.15
     4.00   -34.00    63.27  -174.02    38.41    -8.07    -6.33    -1.60    -0.81     1.40     3.36   -28.25   738.49    35.12
     4.00   -36.00    65.17  -174.09    39.10    -8.07    -6.17    -1.60    -0.78     1.47     3.36   -29.78   738.49     0.00
     6.00     0.00    15.21  -171.73    25.75    -8.10    -8.00    -1.65    -1.50     0.22     5.05     0.00   772.82   668.47
     6.00     2.00    10.44  -171.55    25.08    -8.10    -8.04    -1.65    -1.55     0.15     5.05     1.68   772.82   703.69
     6.00     4.00     5.37  -171.37    24.43    -8.10    -8.07    -1.65    -1.60     0.07     5.05     3.36   772.82   738.49
     6.00     6.00     0.00  -171.17    23.78    -8.10    -8.10    -1.65    -1.65     0.00     5.05     5.05   772.82   772.82
     6.00     8.00    -5.72  -170.96    23.14    -8.10    -8.13    -1.65    -1.70    -0.07     5.05     6.74   772.82   806.62
     6.00    10.00   -11.80  -170.74    22.52    -8.10    -8.15    -1.65    -1.75    -0.15     5.05     8.44   772.82   839.84
     6.00    12.00   -18.30  -170.50    21.90    -8.10    -8.16    -1.65    -1.81    -0.23     5.05    10.14   772.82   872.42
     6.00    14.00   -25.25  -170.24    21.30    -8.10    -8.17    -1.65    -1.86    -0.30     5.05    11.85   772.82   904.28
     6.00    16.00   -32.70  -169.97    20.72    -8.10    -8.18    -1.65    -1.92    -0.38     5.05    13.57   772.82   935.35
     6.00    18.00   -40.71  -169.68    20.15    -8.10    -8.19    -1.65    -1.98    -0.45     5.05    15.29   772.82   965.54
     6.00    20.00   -49.33  -169.36    19.60    -8.10    -8.19    -1.65    -2.03    -0.53     5.05    17.03   772.82   994.73
     6.00    22.00   -58.65  -169.02    19.06    -8.10    -8.20    -1.65    -2.09    -0.61     5.05    18.77   772.82  1022.82
     6.00    24.00   -68.75  -168.65    18.56    -8.10    -8.20    -1.65    -2.15    -0.68     5.05    20.52   772.82  1049.67
     6.00    26.00   -79.74  -168.24    18.07    -8.10    -8.21    -1.65    -2.22    -0.76     5.05    22.29   772.82  1075.12
     6.00    28.00   -91.75  -167.80    17.62    -8.10    -8.21    -1.65    -2.28    -0.84     5.05    24.07   772.82  1098.97
     6.00    30.00  -104.92  -167.32    17.21    -8.10    -8.22    -1.65    -2.34    -0.92     5.05    25.87   772.82  1121.00
     6.00    32.00  -119.46  -166.79    16.83    -8.10    -8.23    -1.65    -2.41    -1.00     5.05    27.69   772.82  1140.93
     6.00    34.00  -135.59  -166.20    16.50    -8.10    -8.25    -1.65    -2.48    -1.08     5.05    29.52   772.82  1158.41
     6.00    36.00  -153.62  -165.53    16.23    -8.10    -8.28    -1.65    -2.55    -1.16     5.05    31.39   772.82  1173.00
     6.00    38.00  -173.95  -164.79    16.02    -8.10    -8.33    -1.65    -2.62    -1.25     5.05    33.28   772.82  1184.13
     6.00     0.00    15.21  -171.73    25.75    -8.10    -8.00    -1.65    -1.50     0.22     5.05     0.00   772.82   668.47
     6.00    -2.00    19.73  -171.89    26.42    -8.10    -7.96    -1.65    -1.45     0.30     5.05    -1.68   772.82   632.86
     6.00    -4.00    23.99  -172.05    27.10    -8.10    -7.90    -1.65    -1.41     0.37     5.05    -3.35   772.82   596.91
     6.00    -6.00    28.04  -172.20    27.79    -8.10    -7.85    -1.65    -1.36     0.45     5.05    -5.02   772.82   560.65
     6.00    -8.00    31.87  -172.34    28.48    -8.10    -7.78    -1.65    -1.31     0.52     5.05    -6.69   772.82   524.11
     6.00   -10.00    35.51  -172.47    29.18    -8.10    -7.72    -1.65    -1.27     0.59     5.05    -8.35   772.82   487.32
     6.00   -12.00    38.97  -172.60    29.88    -8.10    -7.64    -1.65    -1.23     0.67     5.05   -10.02   772.82   450.32
     6.00   -14.00    42.26  -172.72    30.59    -8.10    -7.56    -1.65    -1.18     0.74     5.05   -11.68   772.82   413.12
     6.00   -16.00    45.39  -172.83    31.31    -8.10    -7.47    -1.65    -1.14     0.81     5.05   -13.34   772.82   375.75
     6.00   -18.00    48.38  -172.94    32.03    -8.10    -7.37    -1.65    -1.10     0.89     5.05   -15.00   772.82   338.24
     6.00   -20.00    51.23  -173.05    32.75    -8.10    -7.27    -1.65    -1.06     0.96     5.05   -16.66   772.82   300.60
     6.00   -22.00    53.95  -173.15    33.48    -8.10    -7.15    -1.65    -1.02     1.03     5.05   -18.32   772.82   262.85
     6.00   -24.00    56.55  -173.24    34.21    -8.10    -7.04    -1.65    -0.99     1.11     5.05   -19.98   772.82   225.02
     6.00   -26.00    59.03  -173.33    34.95    -8.10    -6.91    -1.65    -0.95     1.18     5.05   -21.63   772.82   187.12
     6.00   -28.00    61.41  -173.42    35.69    -8.10    -6.78    -1.65    -0.91     1.25     5.05   -23.29   772.82   149.16
     6.00   -30.00    63.69  -173.51    36.43    -8.10    -6.63    -1.65    -0.88     1.33     5.05   -24.94   772.82   111.16
     6.00   -32.00    65.87  -173.59    37.18    -8.10    -6.48    -1.65    -0.84     1.40     5.05   -26.60   772.82    73.15
     6.00   -34.00    67.96  -173.66    37.93    -8.10    -6.33    -1.65    -0.81     1.47     5.05   -28.25   772.82    35.12
     6.00   -36.00    69.82  -173.73    38.62    -8.10    -6.17    -1.65    -0.78     1.54     5.05   -29.78   772.82     0.00
     8.00     0.00    20.88  -171.49    25.14    -8.13    -8.00    -1.70    -1.50     0.30     6.74     0.00   806.62   668.47
     8.00     2.00    16.13  -171.32    24.47    -8.13    -8.04    -1.70    -1.55     0.22     6.74     1.68   806.62   703.69
     8.00     4.00    11.08  -171.15    23.80    -8.13    -8.07    -1.70    -1.60     0.15     6.74     3.36   806.62   738.49
     8.00     6.00     5.72  -170.96    23.14    -8.13    -8.10    -1.70    -1.65     0.07     6.74     5.05   806.62   772.82
     8.00     8.00     0.00  -170.76    22.49    -8.13    -8.13    -1.70    -1.70     0.00     6.74     6.74   806.62   806.62
     8.00    10.00    -6.10  -170.55    21.86    -8.13    -8.15    -1.70    -1.75    -0.08     6.74     8.44   806.62   839.84
     8.00    12.00   -12.62  -170.32    21.23    -8.13    -8.16    -1.70    -1.81    -0.15     6.74    10.14   806.62   872.42
     8.00    14.00   -19.61  -170.08    20.62    -8.13    -8.17    -1.70    -1.86    -0.23     6.74    11.85   806.62   904.28
     8.00    16.00   -27.12  -169.82    20.02    -8.13    -8.18    -1.70    -1.92    -0.30     6.74    13.57   806.62   935.35
     8.00    18.00   -35.20  -169.54    19.44    -8.13    -8.19    -1.70    -1.98    -0.38     6.74    15.29   806.62   965.54
     8.00    20.00   -43.93  -169.24    18.87    -8.13    -8.19    -1.70    -2.03    -0.45     6.74    17.03   806.62   994.73
     8.00    22.00   -53.39  -168.91    18.33    -8.13    -8.20    -1.70    -2.09    -0.53     6.74    18.77   806.62  1022.82
     8.00    24.00   -63.66  -168.55    17.80    -8.13    -8.20    -1.70    -2.15    -0.61     6.74    20.52   806.62  1049.67
     8.00    26.00   -74.88  -168.16    17.31    -8.13    -8.21    -1.70    -2.22    -0.69     6.74    22.29   806.62  1075.12
     8.00    28.00   -87.16  -167.74    16.84    -8.13    -8.21    -1.70    -2.28    -0.77     6.74    24.07   806.62  1098.97
     8.00    30.00  -100.69  -167.27    16.41    -8.13    -8.22    -1.70    -2.34    -0.85     6.74    25.87   806.62  1121.00
     8.00    32.00  -115.67  -166.75    16.02    -8.13    -8.23    -1.70    -2.41    -0.93     6.74    27.69   806.62  1140.93
     8.00    34.00  -132.36  -166.17    15.68    -8.13    -8.25    -1.70    -2.48    -1.01     6.74    29.52   806.62  1158.41
     8.00    36.00  -151.10  -165.52    15.39    -8.13    -8.28    -1.70    -2.55    -1.09     6.74    31.39   806.62  1173.00
     8.00    38.00  -172.33  -164.78    15.18    -8.13    -8.33    -1.70    -2.62    -1.17     6.74    33.28   806.62  1184.13
     8.00     0.00    20.88  -171.49    25.14    -8.13    -8.00    -1.70    -1.50     0.30     6.74     0.00   806.62   668.47
     8.00    -2.00    25.36  -171.64    25.82    -8.13    -7.96    -1.70    -1.45     0.37     6.74    -1.68   806.62   632.86
     8.00    -4.00    29.60  -171.79    26.51    -8.13    -7.90    -1.70    -1.41     0.45     6.74    -3.35   806.62   596.91
     8.00    -6.00    33.61  -171.93    27.21    -8.13    -7.85    -1.70    -1.36     0.52     6.74    -5.02   806.62   560.65
     8.00    -8.00    37.40  -172.06    27.91    -8.13    -7.78    -1.70    -1.31     0.59     6.74    -6.69   806.62   524.11
     8.00   -10.00    41.00  -172.18    28.62    -8.13    -7.72    -1.70    -1.27     0.67     6.74    -8.35   806.62   487.32
     8.00   -12.00    44.41  -172.30    29.33    -8.13    -7.64    -1.70    -1.23     0.74     6.74   -10.02   806.62   450.32
     8.00   -14.00    47.65  -172.41    30.05    -8.13    -7.56    -1.70    -1.18     0.81     6.74   -11.68   806.62   413.12
     8.00   -16.00    50.74  -172.52    30.77    -8.13    -7.47    -1.70    -1.14     0.89     6.74   -13.34   806.62   375.75
     8.00   -18.00    53.68  -172.62    31.50    -8.13    -7.37    -1.70    -1.10     0.96     6.74   -15.00   806.62   338.24
     8.00   -20.00    56.48  -172.72    32.23    -8.13    -7.27    -1.70    -1.06     1.03     6.74   -16.66   806.62   300.60
     8.00   -22.00    59.15  -172.81    32.97    -8.13    -7.15    -1.70    -1.02     1.11     6.74   -18.32   806.62   262.85
     8.00   -24.00    61.69  -172.90    33.71    -8.13    -7.04    -1.70    -0.99     1.18     6.74   -19.98   806.62   225.02
     8.00   -26.00    64.13  -172.99    34.45    -8.13    -6.91    -1.70    -0.95     1.25     6.74   -21.63   806.62   187.12
     8.00   -28.00    66.45  -173.07    35.20    -8.13    -6.78    -1.70    -0.91     1.33     6.74   -23.29   806.62   149.16
     8.00   -30.00    68.68  -173.14    35.95    -8.13    -6.63    -1.70    -0.88     1.40     6.74   -24.94   806.62   111.16
     8.00   -32.00    70.81  -173.22    36.70    -8.13    -6.48    -1.70    -0.84     1.47     6.74   -26.60   806.62    73.15
     8.00   -34.00    72.85  -173.29    37.46    -8.13    -6.33    -1.70    -0.81     1.55     6.74   -28.25   806.62    35.12
     8.00   -36.00    74.66  -173.35    38.16    -8.13    -6.17    -1.70    -0.78     1.62     6.74   -29.78   806.62     0.00
    10.00     0.00    26.89  -171.23    24.55    -8.15    -8.00    -1.75    -1.50     0.37     8.44     0.00   839.84   668.47
    10.00     2.00    22.17  -171.08    23.86    -8.15    -8.04    -1.75    -1.55     0.30     8.44     1.68   839.84   703.69
    10.00     4.00    17.15  -170.91    23.19    -8.15    -8.07    -1.75    -1.60     0.22     8.44     3.36   839.84   738.49
    10.00     6.00    11.80  -170.74    22.52    -8.15    -8.10    -1.75    -1.65     0.15     8.44     5.05   839.84   772.82
    10.00     8.00     6.10  -170.55    21.86    -8.15    -8.13    -1.75    -1.70     0.08     8.44     6.74   839.84   806.62
    10.00    10.00     0.00  -170.35    21.21    -8.15    -8.15    -1.75    -1.75     0.00     8.44     8.44   839.84   839.84
    10.00    12.00    -6.54  -170.14    20.57    -8.15    -8.16    -1.75    -1.81    -0.08     8.44    10.14   839.84   872.42
    10.00    14.00   -13.55  -169.91    19.94    -8.15    -8.17    -1.75    -1.86    -0.15     8.44    11.85   839.84   904.28
    10.00    16.00   -21.11  -169.66    19.33    -8.15    -8.18    -1.75    -1.92    -0.23     8.44    13.57   839.84   935.35
    10.00    18.00   -29.26  -169.39    18.73    -8.15    -8.19    -1.75    -1.98    -0.30     8.44    15.29   839.84   965.54
    10.00    20.00   -38.09  -169.10    18.15    -8.15    -8.19    -1.75    -2.03    -0.38     8.44    17.03   839.84   994.73
    10.00    22.00   -47.67  -168.79    17.60    -8.15    -8.20    -1.75    -2.09    -0.46     8.44    18.77   839.84  1022.82
    10.00    24.00   -58.12  -168.45    17.06    -8.15    -8.20    -1.75    -2.15    -0.53     8.44    20.52   839.84  1049.67
    10.00    26.00   -69.56  -168.07    16.55    -8.15    -8.21    -1.75    -2.22    -0.61     8.44    22.29   839.84  1075.12
    10.00    28.00   -82.13  -167.66    16.07    -8.15    -8.21    -1.75    -2.28    -0.69     8.44    24.07   839.84  1098.97
    10.00    30.00   -96.02  -167.21    15.62    -8.15    -8.22    -1.75    -2.34    -0.77     8.44    25.87   839.84  1121.00
    10.00    32.00  -111.47  -166.70    15.22    -8.15    -8.23    -1.75    -2.41    -0.85     8.44    27.69   839.84  1140.93
    10.00    34.00  -128.75  -166.14    14.86    -8.15    -8.25    -1.75    -2.48    -0.93     8.44    29.52   839.84  1158.41
    10.00    36.00  -148.25  -165.50    14.56    -8.15    -8.28    -1.75    -2.55    -1.02     8.44    31.39   839.84  1173.00
    10.00    38.00  -170.47  -164.77    14.34    -8.15    -8.33    -1.75    -2.62    -1.10     8.44    33.28   839.84  1184.13
    10.00     0.00    26.89  -171.23    24.55    -8.15    -8.00    -1.75    -1.50     0.37     8.44     0.00   839.84   668.47
    10.00    -2.00    31.33  -171.37    25.24    -8.15    -7.96    -1.75    -1.45     0.45     8.44    -1.68   839.84   632.86
    10.00    -4.00    35.53  -171.51    25.94    -8.15    -7.90    -1.75    -1.41     0.52     8.44    -3.35   839.84   596.91
    10.00    -6.00    39.49  -171.64    26.65    -8.15    -7.85    -1.75    -1.36     0.60     8.44    -5.02   839.84   560.65
    10.00    -8.00    43.23  -171.76    27.36    -8.15    -7.78    -1.75    -1.31     0.67     8.44    -6.69   839.84   524.11
    10.00   -10.00    46.78  -171.88    28.07    -8.15    -7.72    -1.75    -1.27     0.74     8.44    -8.35   839.84   487.32
    10.00   -12.00    50.14  -171.99    28.80    -8.15    -7.64    -1.75    -1.23     0.82     8.44   -10.02   839.84   450.32
    10.00   -14.00    53.33  -172.09    29.52    -8.15    -7.56    -1.75    -1.18     0.89     8.44   -11.68   839.84   413.12
    10.00   -16.00    56.36  -172.19    30.25    -8.15    -7.47    -1.75    -1.14     0.96     8.44   -13.34   839.84   375.75
    10.00   -18.00    59.24  -172.29    30.99    -8.15    -7.37    -1.75    -1.10     1.04     8.44   -15.00   839.84   338.24
    10.00   -20.00    61.98  -172.38    31.73    -8.15    -7.27    -1.75    -1.06     1.11     8.44   -16.66   839.84   300.60
    10.00   -22.00    64.59  -172.46    32.47    -8.15    -7.15    -1.75    -1.02     1.18     8.44   -18.32   839.84   262.85
    10.00   -24.00    67.08  -172.54    33.22    -8.15    -7.04    -1.75    -0.99     1.26     8.44   -19.98   839.84   225.02
    10.00   -26.00    69.45  -172.62    33.97    -8.15    -6.91    -1.75    -0.95     1.33     8.44   -21.63   839.84   187.12
    10.00   -28.00    71.72  -172.70    34.72    -8.15    -6.78    -1.75    -0.91     1.40     8.44   -23.29   839.84   149.16
    10.00   -30.00    73.89  -172.77    35.48    -8.15    -6.63    -1.75    -0.88     1.48     8.44   -24.94   839.84   111.16
    10.00   -32.00    75.96  -172.83    36.23    -8.15    -6.48    -1.75    -0.84     1.55     8.44   -26.60   839.84    73.15
    10.00   -34.00    77.95  -172.90    37.00    -8.15    -6.33    -1.75    -0.81     1.62     8.44   -28.25   839.84    35.12
    10.00   -36.00    79.70  -172.96    37.70    -8.15    -6.17    -1.75    -0.78     1.69     8.44   -29.78   839.84     0.00
    12.00     0.00    33.27  -170.96    23.97    -8.16    -8.00    -1.81    -1.50     0.45    10.14     0.00   872.42   668.47
    12.00     2.00    28.60  -170.81    23.27    -8.16    -8.04    -1.81    -1.55     0.37    10.14     1.68   872.42   703.69
    12.00     4.00    23.62  -170.66    22.58    -8.16    -8.07    -1.81    -1.60     0.30    10.14     3.36   872.42   738.49
    12.00     6.00    18.30  -170.50    21.90    -8.16    -8.10    -1.81    -1.65     0.23    10.14     5.05   872.42   772.82
    12.00     8.00    12.62  -170.32    21.23    -8.16    -8.13    -1.81    -1.70     0.15    10.14     6.74   872.42   806.62
    12.00    10.00     6.54  -170.14    20.57    -8.16    -8.15    -1.81    -1.75     0.08    10.14     8.44   872.42   839.84
    12.00    12.00     0.00  -169.94    19.92    -8.16    -8.16    -1.81    -1.81     0.00    10.14    10.14   872.42   872.42
    12.00    14.00    -7.03  -169.72    19.28    -8.16    -8.17    -1.81    -1.86    -0.08    10.14    11.85   872.42   904.28
    12.00    16.00   -14.62  -169.49    18.65    -8.16    -8.18    -1.81    -1.92    -0.15    10.14    13.57   872.42   935.35
    12.00    18.00   -22.83  -169.23    18.04    -8.16    -8.19    -1.81    -1.98    -0.23    10.14    15.29   872.42   965.54
    12.00    20.00   -31.75  -168.96    17.45    -8.16    -8.19    -1.81    -2.03    -0.30    10.14    17.03   872.42   994.73
    12.00    22.00   -41.46  -168.66    16.87    -8.16    -8.20    -1.81    -2.09    -0.38    10.14    18.77   872.42  1022.82
    12.00    24.00   -52.07  -168.34    16.32    -8.16    -8.20    -1.81    -2.15    -0.46    10.14    20.52   872.42  1049.67
    12.00    26.00   -63.73  -167.98    15.79    -8.16    -8.21    -1.81    -2.22    -0.54    10.14    22.29   872.42  1075.12
    12.00    28.00   -76.59  -167.58    15.30    -8.16    -8.21    -1.81    -2.28    -0.62    10.14    24.07   872.42  1098.97
    12.00    30.00   -90.86  -167.14    14.83    -8.16    -8.22    -1.81    -2.34    -0.70    10.14    25.87   872.42  1121.00
    12.00    32.00  -106.79  -166.66    14.41    -8.16    -8.23    -1.81    -2.41    -0.78    10.14    27.69   872.42  1140.93
    12.00    34.00  -124.70  -166.11    14.04    -8.16    -8.25    -1.81    -2.48    -0.86    10.14    29.52   872.42  1158.41
    12.00    36.00  -145.02  -165.48    13.73    -8.16    -8.28    -1.81    -2.55    -0.94    10.14    31.39   872.42  1173.00
    12.00    38.00  -168.31  -164.77    13.50    -8.16    -8.33    -1.81    -2.62    -1.02    10.14    33.28   872.42  1184.13
    12.00     0.00    33.27  -170.96    23.97    -8.16    -8.00    -1.81    -1.50     0.45    10.14     0.00   872.42   668.47
    12.00    -2.00    37.67  -171.09    24.67    -8.16    -7.96    -1.81    -1.45     0.52    10.14    -1.68   872.42   632.86
    12.00    -4.00    41.80  -171.22    25.38    -8.16    -7.90    -1.81    -1.41     0.60    10.14    -3.35   872.42   596.91
    12.00    -6.00    45.71  -171.34    26.10    -8.16    -7.85    -1.81    -1.36     0.67    10.14    -5.02   872.42   560.65
    12.00    -8.00    49.39  -171.45    26.82    -8.16    -7.78    -1.81    -1.31     0.74    10.14    -6.69   872.42   524.11
    12.00   -10.00    52.88  -171.56    27.54    -8.16    -7.72    -1.81    -1.27     0.82    10.14    -8.35   872.42   487.32
    12.00   -12.00    56.17  -171.66    28.27    -8.16    -7.64    -1.81    -1.23     0.89    10.14   -10.02   872.42   450.32
    12.00   -14.00    59.30  -171.76    29.01    -8.16    -7.56    -1.81    -1.18     0.96    10.14   -11.68   872.42   413.12
    12.00   -16.00    62.26  -171.85    29.75    -8.16    -7.47    -1.81    -1.14     1.04    10.14   -13.34   872.42   375.75
    12.00   -18.00    65.08  -171.93    30.49    -8.16    -7.37    -1.81    -1.10     1.11    10.14   -15.00   872.42   338.24
    12.00   -20.00    67.75  -172.02    31.24    -8.16    -7.27    -1.81    -1.06     1.19    10.14   -16.66   872.42   300.60
    12.00   -22.00    70.30  -172.09    31.99    -8.16    -7.15    -1.81    -1.02     1.26    10.14   -18.32   872.42   262.85
    12.00   -24.00    72.72  -172.17    32.74    -8.16    -7.04    -1.81    -0.99     1.33    10.14   -19.98   872.42   225.02
    12.00   -26.00    75.03  -172.24    33.50    -8.16    -6.91    -1.81    -0.95     1.41    10.14   -21.63   872.42   187.12
    12.00   -28.00    77.23  -172.31    34.26    -8.16    -6.78    -1.81    -0.91     1.48    10.14   -23.29   872.42   149.16
    12.00   -30.00    79.34  -172.37    35.02    -8.16    -6.63    -1.81    -0.88     1.55    10.14   -24.94   872.42   111.16
    12.00   -32.00    81.34  -172.43    35.78    -8.16    -6.48    -1.81    -0.84     1.62    10.14   -26.60   872.42    73.15
    12.00   -34.00    83.26  -172.49    36.55    -8.16    -6.33    -1.81    -0.81     1.70    10.14   -28.25   872.42    35.12
    12.00   -36.00    84.96  -172.55    37.26    -8.16    -6.17    -1.81    -0.78     1.77    10.14   -29.78   872.42     0.00
    14.00     0.00    40.06  -170.67    23.40    -8.17    -8.00    -1.86    -1.50     0.52    11.85     0.00   904.28   668.47
    14.00     2.00    35.45  -170.54    22.70    -8.17    -8.04    -1.86    -1.55     0.45    11.85     1.68   904.28   703.69
    14.00     4.00    30.52  -170.39    21.99    -8.17    -8.07    -1.86    -1.60     0.38    11.85     3.36   904.28   738.49
    14.00     6.00    25.25  -170.24    21.30    -8.17    -8.10    -1.86    -1.65     0.30    11.85     5.05   904.28   772.82
    14.00     8.00    19.61  -170.08    20.62    -8.17    -8.13    -1.86    -1.70     0.23    11.85     6.74   904.28   806.62
    14.00    10.00    13.55  -169.91    19.94    -8.17    -8.15    -1.86    -1.75     0.15    11.85     8.44   904.28   839.84
    14.00    12.00     7.03  -169.72    19.28    -8.17    -8.16    -1.86    -1.81     0.08    11.85    10.14   904.28   872.42
    14.00    14.00     0.00  -169.52    18.62    -8.17    -8.17    -1.86    -1.86     0.00    11.85    11.85   904.28   904.28
    14.00    16.00    -7.61  -169.30    17.98    -8.17    -8.18    -1.86    -1.92    -0.08    11.85    13.57   904.28   935.35
    14.00    18.00   -15.86  -169.06    17.36    -8.17    -8.19    -1.86    -1.98    -0.15    11.85    15.29   904.28   965.54
    14.00    20.00   -24.85  -168.80    16.75    -8.17    -8.19    -1.86    -2.03    -0.23    11.85    17.03   904.28   994.73
    14.00    22.00   -34.67  -168.52    16.16    -8.17    -8.20    -1.86    -2.09    -0.31    11.85    18.77   904.28  1022.82
    14.00    24.00   -45.44  -168.21    15.59    -8.17    -8.20    -1.86    -2.15    -0.38    11.85    20.52   904.28  1049.67
    14.00    26.00   -57.31  -167.87    15.04    -8.17    -8.21    -1.86    -2.22    -0.46    11.85    22.29   904.28  1075.12
    14.00    28.00   -70.46  -167.49    14.53    -8.17    -8.21    -1.86    -2.28    -0.54    11.85    24.07   904.28  1098.97
    14.00    30.00   -85.11  -167.07    14.05    -8.17    -8.22    -1.86    -2.34    -0.62    11.85    25.87   904.28  1121.00
    14.00    32.00  -101.55  -166.60    13.61    -8.17    -8.23    -1.86    -2.41    -0.70    11.85    27.69   904.28  1140.93
    14.00    34.00  -120.13  -166.07    13.22    -8.17    -8.25    -1.86    -2.48    -0.78    11.85    29.52   904.28  1158.41
    14.00    36.00  -141.34  -165.46    12.90    -8.17    -8.28    -1.86    -2.55    -0.86    11.85    31.39   904.28  1173.00
    14.00    38.00  -165.80  -164.76    12.65    -8.17    -8.33    -1.86    -2.62    -0.95    11.85    33.28   904.28  1184.13
    14.00     0.00    40.06  -170.67    23.40    -8.17    -8.00    -1.86    -1.50     0.52    11.85     0.00   904.28   668.47
    14.00    -2.00    44.39  -170.79    24.12    -8.17    -7.96    -1.86    -1.45     0.60    11.85    -1.68   904.28   632.86
    14.00    -4.00    48.46  -170.91    24.84    -8.17    -7.90    -1.86    -1.41     0.67    11.85    -3.35   904.28   596.91
    14.00    -6.00    52.30  -171.02    25.56    -8.17    -7.85    -1.86    -1.36     0.75    11.85    -5.02   904.28   560.65
    14.00    -8.00    55.91  -171.12    26.29    -8.17    -7.78    -1.86    -1.31     0.82    11.85    -6.69   904.28   524.11
    14.00   -10.00    59.32  -171.22    27.03    -8.17    -7.72    -1.86    -1.27     0.89    11.85    -8.35   904.28   487.32
    14.00   -12.00    62.54  -171.31    27.76    -8.17    -7.64    -1.86    -1.23     0.97    11.85   -10.02   904.28   450.32
    14.00   -14.00    65.59  -171.40    28.51    -8.17    -7.56    -1.86    -1.18     1.04    11.85   -11.68   904.28   413.12
    14.00   -16.00    68.48  -171.48    29.25    -8.17    -7.47    -1.86    -1.14     1.11    11.85   -13.34   904.28   375.75
    14.00   -18.00    71.22  -171.56    30.01    -8.17    -7.37    -1.86    -1.10     1.19    11.85   -15.00   904.28   338.24
    14.00   -20.00    73.82  -171.64    30.76    -8.17    -7.27    -1.86    -1.06     1.26    11.85   -16.66   904.28   300.60
    14.00   -22.00    76.29  -171.71    31.52    -8.17    -7.15    -1.86    -1.02     1.33    11.85   -18.32   904.28   262.85
    14.00   -24.00    78.64  -171.78    32.28    -8.17    -7.04    -1.86    -0.99     1.41    11.85   -19.98   904.28   225.02
    14.00   -26.00    80.88  -171.84    33.04    -8.17    -6.91    -1.86    -0.95     1.48    11.85   -21.63   904.28   187.12
    14.00   -28.00    83.01  -171.90    33.81    -8.17    -6.78    -1.86    -0.91     1.55    11.85   -23.29   904.28   149.16
    14.00   -30.00    85.04  -171.96    34.57    -8.17    -6.63    -1.86    -0.88     1.63    11.85   -24.94   904.28   111.16
    14.00   -32.00    86.97  -172.02    35.35    -8.17    -6.48    -1.86    -0.84     1.70    11.85   -26.60   904.28    73.15
    14.00   -34.00    88.82  -172.07    36.12    -8.17    -6.33    -1.86    -0.81     1.77    11.85   -28.25   904.28    35.12
    14.00   -36.00    90.46  -172.12    36.84    -8.17    -6.17    -1.86    -0.78     1.84    11.85   -29.78   904.28     0.00
    16.00     0.00    47.30  -170.36    22.85    -8.18    -8.00    -1.92    -1.50     0.60    13.57     0.00   935.35   668.47
    16.00     2.00    42.76  -170.24    22.13    -8.18    -8.04    -1.92    -1.55     0.53    13.57     1.68   935.35   703.69
    16.00     4.00    37.91  -170.11    21.42    -8.18    -8.07    -1.92    -1.60     0.45    13.57     3.36   935.35   738.49
    16.00     6.00    32.70  -169.97    20.72    -8.18    -8.10    -1.92    -1.65     0.38    13.57     5.05   935.35   772.82
    16.00     8.00    27.12  -169.82    20.02    -8.18    -8.13    -1.92    -1.70     0.30    13.57     6.74   935.35   806.62
    16.00    10.00    21.11  -169.66    19.33    -8.18    -8.15    -1.92    -1.75     0.23    13.57     8.44   935.35   839.84
    16.00    12.00    14.62  -169.49    18.65    -8.18    -8.16    -1.92    -1.81     0.15    13.57    10.14   935.35   872.42
    16.00    14.00     7.61  -169.30    17.98    -8.18    -8.17    -1.92    -1.86     0.08    13.57    11.85   935.35   904.28
    16.00    16.00     0.00  -169.10    17.33    -8.18    -8.18    -1.92    -1.92     0.00    13.57    13.57   935.35   935.35
    16.00    18.00    -8.28  -168.87    16.69    -8.18    -8.19    -1.92    -1.98    -0.08    13.57    15.29   935.35   965.54
    16.00    20.00   -17.32  -168.63    16.06    -8.18    -8.19    -1.92    -2.03    -0.15    13.57    17.03   935.35   994.73
    16.00    22.00   -27.23  -168.37    15.45    -8.18    -8.20    -1.92    -2.09    -0.23    13.57    18.77   935.35  1022.82
    16.00    24.00   -38.15  -168.08    14.86    -8.18    -8.20    -1.92    -2.15    -0.31    13.57    20.52   935.35  1049.67
    16.00    26.00   -50.22  -167.75    14.30    -8.18    -8.21    -1.92    -2.22    -0.39    13.57    22.29   935.35  1075.12
    16.00    28.00   -63.66  -167.40    13.77    -8.18    -8.21    -1.92    -2.28    -0.46    13.57    24.07   935.35  1098.97
    16.00    30.00   -78.70  -166.99    13.27    -8.18    -8.22    -1.92    -2.34    -0.54    13.57    25.87   935.35  1121.00
    16.00    32.00   -95.66  -166.54    12.81    -8.18    -8.23    -1.92    -2.41    -0.62    13.57    27.69   935.35  1140.93
    16.00    34.00  -114.95  -166.02    12.41    -8.18    -8.25    -1.92    -2.48    -0.71    13.57    29.52   935.35  1158.41
    16.00    36.00  -137.11  -165.43    12.06    -8.18    -8.28    -1.92    -2.55    -0.79    13.57    31.39   935.35  1173.00
    16.00    38.00  -162.87  -164.74    11.80    -8.18    -8.33    -1.92    -2.62    -0.87    13.57    33.28   935.35  1184.13
    16.00     0.00    47.30  -170.36    22.85    -8.18    -8.00    -1.92    -1.50     0.60    13.57     0.00   935.35   668.47
    16.00    -2.00    51.55  -170.47    23.58    -8.18    -7.96    -1.92    -1.45     0.67    13.57    -1.68   935.35   632.86
    16.00    -4.00    55.54  -170.58    24.31    -8.18    -7.90    -1.92    -1.41     0.75    13.57    -3.35   935.35   596.91
    16.00    -6.00    59.29  -170.68    25.04    -8.18    -7.85    -1.92    -1.36     0.82    13.57    -5.02   935.35   560.65
    16.00    -8.00    62.82  -170.77    25.78    -8.18    -7.78    -1.92    -1.31     0.90    13.57    -6.69   935.35   524.11
    16.00   -10.00    66.14  -170.86    26.53    -8.18    -7.72    -1.92    -1.27     0.97    13.57    -8.35   935.35   487.32
    16.00   -12.00    69.28  -170.95    27.27    -8.18    -7.64    -1.92    -1.23     1.04    13.57   -10.02   935.35   450.32
    16.00   -14.00    72.24  -171.03    28.02    -8.18    -7.56    -1.92    -1.18     1.12    13.57   -11.68   935.35   413.12
    16.00   -16.00    75.04  -171.10    28.78    -8.18    -7.47    -1.92    -1.14     1.19    13.57   -13.34   935.35   375.75
    16.00   -18.00    77.69  -171.17    29.54    -8.18    -7.37    -1.92    -1.10     1.26    13.57   -15.00   935.35   338.24
    16.00   -20.00    80.21  -171.24    30.30    -8.18    -7.27    -1.92    -1.06     1.34    13.57   -16.66   935.35   300.60
    16.00   -22.00    82.59  -171.30    31.06    -8.18    -7.15    -1.92    -1.02     1.41    13.57   -18.32   935.35   262.85
    16.00   -24.00    84.86  -171.36    31.83    -8.18    -7.04    -1.92    -0.99     1.48    13.57   -19.98   935.35   225.02
    16.00   -26.00    87.01  -171.42    32.60    -8.18    -6.91    -1.92    -0.95     1.56    13.57   -21.63   935.35   187.12
    16.00   -28.00    89.06  -171.48    33.37    -8.18    -6.78    -1.92    -0.91     1.63    13.57   -23.29   935.35   149.16
    16.00   -30.00    91.01  -171.53    34.15    -8.18    -6.63    -1.92    -0.88     1.70    13.57   -24.94   935.35   111.16
    16.00   -32.00    92.86  -171.58    34.93    -8.18    -6.48    -1.92    -0.84     1.78    13.57   -26.60   935.35    73.15
    16.00   -34.00    94.63  -171.62    35.70    -8.18    -6.33    -1.92    -0.81     1.85    13.57   -28.25   935.35    35.12
    16.00   -36.00    96.20  -171.67    36.43    -8.18    -6.17    -1.92    -0.78     1.92    13.57   -29.78   935.35     0.00
    18.00     0.00    55.03  -170.03    22.32    -8.19    -8.00    -1.98    -1.50     0.68    15.29     0.00   965.54   668.47
    18.00     2.00    50.59  -169.92    21.59    -8.19    -8.04    -1.98    -1.55     0.60    15.29     1.68   965.54   703.69
    18.00     4.00    45.82  -169.80    20.86    -8.19    -8.07    -1.98    -1.60     0.53    15.29     3.36   965.54   738.49
    18.00     6.00    40.71  -169.68    20.15    -8.19    -8.10    -1.98    -1.65     0.45    15.29     5.05   965.54   772.82
    18.00     8.00    35.20  -169.54    19.44    -8.19    -8.13    -1.98    -1.70     0.38    15.29     6.74   965.54   806.62
    18.00    10.00    29.26  -169.39    18.73    -8.19    -8.15    -1.98    -1.75     0.30    15.29     8.44   965.54   839.84
    18.00    12.00    22.83  -169.23    18.04    -8.19    -8.16    -1.98    -1.81     0.23    15.29    10.14   965.54   872.42
    18.00    14.00    15.86  -169.06    17.36    -8.19    -8.17    -1.98    -1.86     0.15    15.29    11.85   965.54   904.28
    18.00    16.00     8.28  -168.87    16.69    -8.19    -8.18    -1.98    -1.92     0.08    15.29    13.57   965.54   935.35
    18.00    18.00     0.00  -168.67    16.03    -8.19    -8.19    -1.98    -1.98     0.00    15.29    15.29   965.54   965.54
    18.00    20.00    -9.07  -168.45    15.38    -8.19    -8.19    -1.98    -2.03    -0.08    15.29    17.03   965.54   994.73
    18.00    22.00   -19.06  -168.20    14.76    -8.19    -8.20    -1.98    -2.09    -0.15    15.29    18.77   965.54  1022.82
    18.00    24.00   -30.09  -167.93    14.15    -8.19    -8.20    -1.98    -2.15    -0.23    15.29    20.52   965.54  1049.67
    18.00    26.00   -42.35  -167.62    13.57    -8.19    -8.21    -1.98    -2.22    -0.31    15.29    22.29   965.54  1075.12
    18.00    28.00   -56.06  -167.28    13.02    -8.19    -8.21    -1.98    -2.28    -0.39    15.29    24.07   965.54  1098.97
    18.00    30.00   -71.49  -166.90    12.50    -8.19    -8.22    -1.98    -2.34    -0.47    15.29    25.87   965.54  1121.00
    18.00    32.00   -89.00  -166.47    12.02    -8.19    -8.23    -1.98    -2.41    -0.55    15.29    27.69   965.54  1140.93
    18.00    34.00  -109.03  -165.98    11.59    -8.19    -8.25    -1.98    -2.48    -0.63    15.29    29.52   965.54  1158.41
    18.00    36.00  -132.23  -165.40    11.23    -8.19    -8.28    -1.98    -2.55    -0.71    15.29    31.39   965.54  1173.00
    18.00    38.00  -159.42  -164.73    10.95    -8.19    -8.33    -1.98    -2.62    -0.80    15.29    33.28   965.54  1184.13
    18.00     0.00    55.03  -170.03    22.32    -8.19    -8.00    -1.98    -1.50     0.68    15.29     0.00   965.54   668.47
    18.00    -2.00    59.19  -170.13    23.05    -8.19    -7.96    -1.98    -1.45     0.75    15.29    -1.68   965.54   632.86
    18.00    -4.00    63.08  -170.23    23.79    -8.19    -7.90    -1.98    -1.41     0.82    15.29    -3.35   965.54   596.91
    18.00    -6.00    66.72  -170.32    24.54    -8.19    -7.85    -1.98    -1.36     0.90    15.29    -5.02   965.54   560.65
    18.00    -8.00    70.15  -170.40    25.29    -8.19    -7.78    -1.98    -1.31     0.97    15.29    -6.69   965.54   524.11
    18.00   -10.00    73.37  -170.48    26.04    -8.19    -7.72    -1.98    -1.27     1.05    15.29    -8.35   965.54   487.32
    18.00   -12.00    76.41  -170.56    26.80    -8.19    -7.64    -1.98    -1.23     1.12    15.29   -10.02   965.54   450.32
    18.00   -14.00    79.27  -170.63    27.56    -8.19    -7.56    -1.98    -1.18     1.19    15.29   -11.68   965.54   413.12
    18.00   -16.00    81.97  -170.70    28.32    -8.19    -7.47    -1.98    -1.14     1.27    15.29   -13.34   965.54   375.75
    18.00   -18.00    84.53  -170.76    29.09    -8.19    -7.37    -1.98    -1.10     1.34    15.29   -15.00   965.54   338.24
    18.00   -20.00    86.94  -170.82    29.86    -8.19    -7.27    -1.98    -1.06     1.41    15.29   -16.66   965.54   300.60
    18.00   -22.00    89.23  -170.87    30.63    -8.19    -7.15    -1.98    -1.02     1.49    15.29   -18.32   965.54   262.85
    18.00   -24.00    91.40  -170.93    31.40    -8.19    -7.04    -1.98    -0.99     1.56    15.29   -19.98   965.54   225.02
    18.00   -26.00    93.46  -170.98    32.18    -8.19    -6.91    -1.98    -0.95     1.63    15.29   -21.63   965.54   187.12
    18.00   -28.00    95.41  -171.03    32.96    -8.19    -6.78    -1.98    -0.91     1.71    15.29   -23.29   965.54   149.16
    18.00   -30.00    97.27  -171.07    33.74    -8.19    -6.63    -1.98    -0.88     1.78    15.29   -24.94   965.54   111.16
    18.00   -32.00    99.04  -171.12    34.52    -8.19    -6.48    -1.98    -0.84     1.85    15.29   -26.60   965.54    73.15
    18.00   -34.00   100.72  -171.16    35.31    -8.19    -6.33    -1.98    -0.81     1.93    15.29   -28.25   965.54    35.12
    18.00   -36.00   102.21  -171.20    36.03    -8.19    -6.17    -1.98    -0.78     1.99    15.29   -29.78   965.54     0.00
    20.00     0.00    63.31  -169.68    21.80    -8.19    -8.00    -2.03    -1.50     0.75    17.03     0.00   994.73   668.47
    20.00     2.00    58.99  -169.58    21.06    -8.19    -8.04    -2.03    -1.55     0.68    17.03     1.68   994.73   703.69
    20.00     4.00    54.34  -169.47    20.33    -8.19    -8.07    -2.03    -1.60     0.60    17.03     3.36   994.73   738.49
    20.00     6.00    49.33  -169.36    19.60    -8.19    -8.10    -2.03    -1.65     0.53    17.03     5.05   994.73   772.82
    20.00     8.00    43.93  -169.24    18.87    -8.19    -8.13    -2.03    -1.70     0.45    17.03     6.74   994.73   806.62
    20.00    10.00    38.09  -169.10    18.15    -8.19    -8.15    -2.03    -1.75     0.38    17.03     8.44   994.73   839.84
    20.00    12.00    31.75  -168.96    17.45    -8.19    -8.16    -2.03    -1.81     0.30    17.03    10.14   994.73   872.42
    20.00    14.00    24.85  -168.80    16.75    -8.19    -8.17    -2.03    -1.86     0.23    17.03    11.85   994.73   904.28
    20.00    16.00    17.32  -168.63    16.06    -8.19    -8.18    -2.03    -1.92     0.15    17.03    13.57   994.73   935.35
    20.00    18.00     9.07  -168.45    15.38    -8.19    -8.19    -2.03    -1.98     0.08    17.03    15.29   994.73   965.54
    20.00    20.00     0.00  -168.24    14.72    -8.19    -8.19    -2.03    -2.03     0.00    17.03    17.03   994.73   994.73
    20.00    22.00   -10.02  -168.01    14.08    -8.19    -8.20    -2.03    -2.09    -0.08    17.03    18.77   994.73  1022.82
    20.00    24.00   -21.15  -167.76    13.45    -8.19    -8.20    -2.03    -2.15    -0.15    17.03    20.52   994.73  1049.67
    20.00    26.00   -33.58  -167.48    12.85    -8.19    -8.21    -2.03    -2.22    -0.23    17.03    22.29   994.73  1075.12
    20.00    28.00   -47.55  -167.16    12.27    -8.19    -8.21    -2.03    -2.28    -0.31    17.03    24.07   994.73  1098.97
    20.00    30.00   -63.36  -166.80    11.73    -8.19    -8.22    -2.03    -2.34    -0.39    17.03    25.87   994.73  1121.00
    20.00    32.00   -81.41  -166.39    11.23    -8.19    -8.23    -2.03    -2.41    -0.47    17.03    27.69   994.73  1140.93
    20.00    34.00  -102.24  -165.92    10.78    -8.19    -8.25    -2.03    -2.48    -0.55    17.03    29.52   994.73  1158.41
    20.00    36.00  -126.55  -165.37    10.40    -8.19    -8.28    -2.03    -2.55    -0.64    17.03    31.39   994.73  1173.00
    20.00    38.00  -155.34  -164.71    10.10    -8.19    -8.33    -2.03    -2.62    -0.72    17.03    33.28   994.73  1184.13
    20.00     0.00    63.31  -169.68    21.80    -8.19    -8.00    -2.03    -1.50     0.75    17.03     0.00   994.73   668.47
    20.00    -2.00    67.35  -169.77    22.55    -8.19    -7.96    -2.03    -1.45     0.83    17.03    -1.68   994.73   632.86
    20.00    -4.00    71.12  -169.85    23.30    -8.19    -7.90    -2.03    -1.41     0.90    17.03    -3.35   994.73   596.91
    20.00    -6.00    74.64  -169.93    24.06    -8.19    -7.85    -2.03    -1.36     0.97    17.03    -5.02   994.73   560.65
    20.00    -8.00    77.95  -170.01    24.82    -8.19    -7.78    -2.03    -1.31     1.05    17.03    -6.69   994.73   524.11
    20.00   -10.00    81.05  -170.08    25.58    -8.19    -7.72    -2.03    -1.27     1.12    17.03    -8.35   994.73   487.32
    20.00   -12.00    83.97  -170.15    26.34    -8.19    -7.64    -2.03    -1.23     1.20    17.03   -10.02   994.73   450.32
    20.00   -14.00    86.72  -170.21    27.11    -8.19    -7.56    -2.03    -1.18     1.27    17.03   -11.68   994.73   413.12
    20.00   -16.00    89.30  -170.27    27.88    -8.19    -7.47    -2.03    -1.14     1.34    17.03   -13.34   994.73   375.75
    20.00   -18.00    91.74  -170.32    28.66    -8.19    -7.37    -2.03    -1.10     1.42    17.03   -15.00   994.73   338.24
    20.00   -20.00    94.05  -170.37    29.43    -8.19    -7.27    -2.03    -1.06     1.49    17.03   -16.66   994.73   300.60
    20.00   -22.00    96.23  -170.42    30.21    -8.19    -7.15    -2.03    -1.02     1.56    17.03   -18.32   994.73   262.85
    20.00   -24.00    98.29  -170.47    30.99    -8.19    -7.04    -2.03    -0.99     1.64    17.03   -19.98   994.73   225.02
    20.00   -26.00   100.25  -170.52    31.78    -8.19    -6.91    -2.03    -0.95     1.71    17.03   -21.63   994.73   187.12
    20.00   -28.00   102.10  -170.56    32.56    -8.19    -6.78    -2.03    -0.91     1.78    17.03   -23.29   994.73   149.16
    20.00   -30.00   103.85  -170.60    33.35    -8.19    -6.63    -2.03    -0.88     1.86    17.03   -24.94   994.73   111.16
    20.00   -32.00   105.52  -170.63    34.14    -8.19    -6.48    -2.03    -0.84     1.93    17.03   -26.60   994.73    73.15
    20.00   -34.00   107.11  -170.67    34.93    -8.19    -6.33    -2.03    -0.81     2.00    17.03   -28.25   994.73    35.12
    20.00   -36.00   108.51  -170.70    35.66    -8.19    -6.17    -2.03    -0.78     2.07    17.03   -29.78   994.73     0.00
    22.00     0.00    72.20  -169.30    21.31    -8.20    -8.00    -2.09    -1.50     0.83    18.77     0.00  1022.82   668.47
    22.00     2.00    68.02  -169.21    20.56    -8.20    -8.04    -2.09    -1.55     0.76    18.77     1.68  1022.82   703.69
    22.00     4.00    63.51  -169.12    19.81    -8.20    -8.07    -2.09    -1.60     0.68    18.77     3.36  1022.82   738.49
    22.00     6.00    58.65  -169.02    19.06    -8.20    -8.10    -2.09    -1.65     0.61    18.77     5.05  1022.82   772.82
    22.00     8.00    53.39  -168.91    18.33    -8.20    -8.13    -2.09    -1.70     0.53    18.77     6.74  1022.82   806.62
    22.00    10.00    47.67  -168.79    17.60    -8.20    -8.15    -2.09    -1.75     0.46    18.77     8.44  1022.82   839.84
    22.00    12.00    41.46  -168.66    16.87    -8.20    -8.16    -2.09    -1.81     0.38    18.77    10.14  1022.82   872.42
    22.00    14.00    34.67  -168.52    16.16    -8.20    -8.17    -2.09    -1.86     0.31    18.77    11.85  1022.82   904.28
    22.00    16.00    27.23  -168.37    15.45    -8.20    -8.18    -2.09    -1.92     0.23    18.77    13.57  1022.82   935.35
    22.00    18.00    19.06  -168.20    14.76    -8.20    -8.19    -2.09    -1.98     0.15    18.77    15.29  1022.82   965.54
    22.00    20.00    10.02  -168.01    14.08    -8.20    -8.19    -2.09    -2.03     0.08    18.77    17.03  1022.82   994.73
    22.00    22.00     0.00  -167.81    13.41    -8.20    -8.20    -2.09    -2.09     0.00    18.77    18.77  1022.82  1022.82
    22.00    24.00   -11.18  -167.57    12.76    -8.20    -8.20    -2.09    -2.15    -0.08    18.77    20.52  1022.82  1049.67
    22.00    26.00   -23.74  -167.31    12.14    -8.20    -8.21    -2.09    -2.22    -0.16    18.77    22.29  1022.82  1075.12
    22.00    28.00   -37.93  -167.02    11.54    -8.20    -8.21    -2.09    -2.28    -0.23    18.77    24.07  1022.82  1098.97
    22.00    30.00   -54.11  -166.69    10.97    -8.20    -8.22    -2.09    -2.34    -0.31    18.77    25.87  1022.82  1121.00
    22.00    32.00   -72.72  -166.30    10.45    -8.20    -8.23    -2.09    -2.41    -0.39    18.77    27.69  1022.82  1140.93
    22.00    34.00   -94.36  -165.85     9.97    -8.20    -8.25    -2.09    -2.48    -0.48    18.77    29.52  1022.82  1158.41
    22.00    36.00  -119.88  -165.33     9.57    -8.20    -8.28    -2.09    -2.55    -0.56    18.77    31.39  1022.82  1173.00
    22.00    38.00  -150.44  -164.70     9.25    -8.20    -8.33    -2.09    -2.62    -0.64    18.77    33.28  1022.82  1184.13
    22.00     0.00    72.20  -169.30    21.31    -8.20    -8.00    -2.09    -1.50     0.83    18.77     0.00  1022.82   668.47
    22.00    -2.00    76.09  -169.38    22.07    -8.20    -7.96    -2.09    -1.45     0.90    18.77    -1.68  1022.82   632.86
    22.00    -4.00    79.72  -169.45    22.83    -8.20    -7.90    -2.09    -1.41     0.98    18.77    -3.35  1022.82   596.91
    22.00    -6.00    83.10  -169.52    23.59    -8.20    -7.85    -2.09    -1.36     1.05    18.77    -5.02  1022.82   560.65
    22.00    -8.00    86.27  -169.59    24.36    -8.20    -7.78    -2.09    -1.31     1.13    18.77    -6.69  1022.82   524.11
    22.00   -10.00    89.23  -169.65    25.13    -8.20    -7.72    -2.09    -1.27     1.20    18.77    -8.35  1022.82   487.32
    22.00   -12.00    92.01  -169.71    25.91    -8.20    -7.64    -2.09    -1.23     1.27    18.77   -10.02  1022.82   450.32
    22.00   -14.00    94.62  -169.76    26.69    -8.20    -7.56    -2.09    -1.18     1.35    18.77   -11.68  1022.82   413.12
    22.00   -16.00    97.08  -169.81    27.46    -8.20    -7.47    -2.09    -1.14     1.42    18.77   -13.34  1022.82   375.75
    22.00   -18.00    99.39  -169.86    28.25    -8.20    -7.37    -2.09    -1.10     1.49    18.77   -15.00  1022.82   338.24
    22.00   -20.00   101.57  -169.90    29.03    -8.20    -7.27    -2.09    -1.06     1.57    18.77   -16.66  1022.82   300.60
    22.00   -22.00   103.62  -169.95    29.81    -8.20    -7.15    -2.09    -1.02     1.64    18.77   -18.32  1022.82   262.85
    22.00   -24.00   105.56  -169.99    30.60    -8.20    -7.04    -2.09    -0.99     1.71    18.77   -19.98  1022.82   225.02
    22.00   -26.00   107.40  -170.03    31.39    -8.20    -6.91    -2.09    -0.95     1.79    18.77   -21.63  1022.82   187.12
    22.00   -28.00   109.14  -170.06    32.18    -8.20    -6.78    -2.09    -0.91     1.86    18.77   -23.29  1022.82   149.16
    22.00   -30.00   110.78  -170.10    32.98    -8.20    -6.63    -2.09    -0.88     1.93    18.77   -24.94  1022.82   111.16
    22.00   -32.00   112.34  -170.13    33.77    -8.20    -6.48    -2.09    -0.84     2.01    18.77   -26.60  1022.82    73.15
    22.00   -34.00   113.82  -170.16    34.57    -8.20    -6.33    -2.09    -0.81     2.08    18.77   -28.25  1022.82    35.12
    22.00   -36.00   115.12  -170.19    35.30    -8.20    -6.17    -2.09    -0.78     2.15    18.77   -29.78  1022.82     0.00
    24.00     0.00    81.77  -168.89    20.84    -8.20    -8.00    -2.15    -1.50     0.91    20.52     0.00  1049.67   668.47
    24.00     2.00    77.77  -168.82    20.07    -8.20    -8.04    -2.15    -1.55     0.83    20.52     1.68  1049.67   703.69
    24.00     4.00    73.44  -168.73    19.31    -8.20    -8.07    -2.15    -1.60     0.76    20.52     3.36  1049.67   738.49
    24.00     6.00    68.75  -168.65    18.56    -8.20    -8.10    -2.15    -1.65     0.68    20.52     5.05  1049.67   772.82
    24.00     8.00    63.66  -168.55    17.80    -8.20    -8.13    -2.15    -1.70     0.61    20.52     6.74  1049.67   806.62
    24.00    10.00    58.12  -168.45    17.06    -8.20    -8.15    -2.15    -1.75     0.53    20.52     8.44  1049.67   839.84
    24.00    12.00    52.07  -168.34    16.32    -8.20    -8.16    -2.15    -1.81     0.46    20.52    10.14  1049.67   872.42
    24.00    14.00    45.44  -168.21    15.59    -8.20    -8.17    -2.15    -1.86     0.38    20.52    11.85  1049.67   904.28
    24.00    16.00    38.15  -168.08    14.86    -8.20    -8.18    -2.15    -1.92     0.31    20.52    13.57  1049.67   935.35
    24.00    18.00    30.09  -167.93    14.15    -8.20    -8.19    -2.15    -1.98     0.23    20.52    15.29  1049.67   965.54
    24.00    20.00    21.15  -167.76    13.45    -8.20    -8.19    -2.15    -2.03     0.15    20.52    17.03  1049.67   994.73
    24.00    22.00    11.18  -167.57    12.76    -8.20    -8.20    -2.15    -2.09     0.08    20.52    18.77  1049.67  1022.82
    24.00    24.00     0.00  -167.37    12.09    -8.20    -8.20    -2.15    -2.15     0.00    20.52    20.52  1049.67  1049.67
    24.00    26.00   -12.63  -167.13    11.44    -8.20    -8.21    -2.15    -2.22    -0.08    20.52    22.29  1049.67  1075.12
    24.00    28.00   -27.01  -166.86    10.82    -8.20    -8.21    -2.15    -2.28    -0.16    20.52    24.07  1049.67  1098.97
    24.00    30.00   -43.51  -166.55    10.23    -8.20    -8.22    -2.15    -2.34    -0.24    20.52    25.87  1049.67  1121.00
    24.00    32.00   -62.66  -166.20     9.67    -8.20    -8.23    -2.15    -2.41    -0.32    20.52    27.69  1049.67  1140.93
    24.00    34.00   -85.15  -165.78     9.17    -8.20    -8.25    -2.15    -2.48    -0.40    20.52    29.52  1049.67  1158.41
    24.00    36.00  -111.96  -165.28     8.74    -8.20    -8.28    -2.15    -2.55    -0.48    20.52    31.39  1049.67  1173.00
    24.00    38.00  -144.51  -164.67     8.39    -8.20    -8.33    -2.15    -2.62    -0.56    20.52    33.28  1049.67  1184.13
    24.00     0.00    81.77  -168.89    20.84    -8.20    -8.00    -2.15    -1.50     0.91    20.52     0.00  1049.67   668.47
    24.00    -2.00    85.49  -168.96    21.61    -8.20    -7.96    -2.15    -1.45     0.98    20.52    -1.68  1049.67   632.86
    24.00    -4.00    88.94  -169.02    22.38    -8.20    -7.90    -2.15    -1.41     1.06    20.52    -3.35  1049.67   596.91
    24.00    -6.00    92.16  -169.08    23.16    -8.20    -7.85    -2.15    -1.36     1.13    20.52    -5.02  1049.67   560.65
    24.00    -8.00    95.16  -169.14    23.93    -8.20    -7.78    -2.15    -1.31     1.20    20.52    -6.69  1049.67   524.11
    24.00   -10.00    97.96  -169.19    24.71    -8.20    -7.72    -2.15    -1.27     1.28    20.52    -8.35  1049.67   487.32
    24.00   -12.00   100.58  -169.24    25.50    -8.20    -7.64    -2.15    -1.23     1.35    20.52   -10.02  1049.67   450.32
    24.00   -14.00   103.03  -169.29    26.28    -8.20    -7.56    -2.15    -1.18     1.42    20.52   -11.68  1049.67   413.12
    24.00   -16.00   105.34  -169.33    27.07    -8.20    -7.47    -2.15    -1.14     1.50    20.52   -13.34  1049.67   375.75
    24.00   -18.00   107.50  -169.37    27.86    -8.20    -7.37    -2.15    -1.10     1.57    20.52   -15.00  1049.67   338.24
    24.00   -20.00   109.54  -169.41    28.65    -8.20    -7.27    -2.15    -1.06     1.64    20.52   -16.66  1049.67   300.60
    24.00   -22.00   111.45  -169.44    29.44    -8.20    -7.15    -2.15    -1.02     1.72    20.52   -18.32  1049.67   262.85
    24.00   -24.00   113.26  -169.48    30.23    -8.20    -7.04    -2.15    -0.99     1.79    20.52   -19.98  1049.67   225.02
    24.00   -26.00   114.96  -169.51    31.03    -8.20    -6.91    -2.15    -0.95     1.86    20.52   -21.63  1049.67   187.12
    24.00   -28.00   116.56  -169.54    31.83    -8.20    -6.78    -2.15    -0.91     1.94    20.52   -23.29  1049.67   149.16
    24.00   -30.00   118.08  -169.57    32.63    -8.20    -6.63    -2.15    -0.88     2.01    20.52   -24.94  1049.67   111.16
    24.00   -32.00   119.52  -169.59    33.43    -8.20    -6.48    -2.15    -0.84     2.08    20.52   -26.60  1049.67    73.15
    24.00   -34.00   120.88  -169.62    34.23    -8.20    -6.33    -2.15    -0.81     2.16    20.52   -28.25  1049.67    35.12
    24.00   -36.00   122.07  -169.64    34.97    -8.20    -6.17    -2.15    -0.78     2.22    20.52   -29.78  1049.67     0.00
    26.00     0.00    92.11  -168.45    20.40    -8.21    -8.00    -2.22    -1.50     0.99    22.29     0.00  1075.12   668.47
    26.00     2.00    88.32  -168.39    19.62    -8.21    -8.04    -2.22    -1.55     0.91    22.29     1.68  1075.12   703.69
    26.00     4.00    84.21  -168.32    18.84    -8.21    -8.07    -2.22    -1.60     0.84    22.29     3.36  1075.12   738.49
    26.00     6.00    79.74  -168.24    18.07    -8.21    -8.10    -2.22    -1.65     0.76    22.29     5.05  1075.12   772.82
    26.00     8.00    74.88  -168.16    17.31    -8.21    -8.13    -2.22    -1.70     0.69    22.29     6.74  1075.12   806.62
    26.00    10.00    69.56  -168.07    16.55    -8.21    -8.15    -2.22    -1.75     0.61    22.29     8.44  1075.12   839.84
    26.00    12.00    63.73  -167.98    15.79    -8.21    -8.16    -2.22    -1.81     0.54    22.29    10.14  1075.12   872.42
    26.00    14.00    57.31  -167.87    15.04    -8.21    -8.17    -2.22    -1.86     0.46    22.29    11.85  1075.12   904.28
    26.00    16.00    50.22  -167.75    14.30    -8.21    -8.18    -2.22    -1.92     0.39    22.29    13.57  1075.12   935.35
    26.00    18.00    42.35  -167.62    13.57    -8.21    -8.19    -2.22    -1.98     0.31    22.29    15.29  1075.12   965.54
    26.00    20.00    33.58  -167.48    12.85    -8.21    -8.19    -2.22    -2.03     0.23    22.29    17.03  1075.12   994.73
    26.00    22.00    23.74  -167.31    12.14    -8.21    -8.20    -2.22    -2.09     0.16    22.29    18.77  1075.12  1022.82
    26.00    24.00    12.63  -167.13    11.44    -8.21    -8.20    -2.22    -2.15     0.08    22.29    20.52  1075.12  1049.67
    26.00    26.00     0.00  -166.92    10.77    -8.21    -8.21    -2.22    -2.22     0.00    22.29    22.29  1075.12  1075.12
    26.00    28.00   -14.48  -166.68    10.12    -8.21    -8.21    -2.22    -2.28    -0.08    22.29    24.07  1075.12  1098.97
    26.00    30.00   -31.26  -166.40     9.49    -8.21    -8.22    -2.22    -2.34    -0.16    22.29    25.87  1075.12  1121.00
    26.00    32.00   -50.90  -166.08     8.91    -8.21    -8.23    -2.22    -2.41    -0.24    22.29    27.69  1075.12  1140.93
    26.00    34.00   -74.24  -165.69     8.38    -8.21    -8.25    -2.22    -2.48    -0.32    22.29    29.52  1075.12  1158.41
    26.00    36.00  -102.44  -165.22     7.91    -8.21    -8.28    -2.22    -2.55    -0.40    22.29    31.39  1075.12  1173.00
    26.00    38.00  -137.23  -164.64     7.54    -8.21    -8.33    -2.22    -2.62    -0.49    22.29    33.28  1075.12  1184.13
    26.00     0.00    92.11  -168.45    20.40    -8.21    -8.00    -2.22    -1.50     0.99    22.29     0.00  1075.12   668.47
    26.00    -2.00    95.61  -168.51    21.18    -8.21    -7.96    -2.22    -1.45     1.06    22.29    -1.68  1075.12   632.86
    26.00    -4.00    98.86  -168.56    21.96    -8.21    -7.90    -2.22    -1.41     1.13    22.29    -3.35  1075.12   596.91
    26.00    -6.00   101.88  -168.61    22.74    -8.21    -7.85    -2.22    -1.36     1.21    22.29    -5.02  1075.12   560.65
    26.00    -8.00   104.68  -168.66    23.53    -8.21    -7.78    -2.22    -1.31     1.28    22.29    -6.69  1075.12   524.11
    26.00   -10.00   107.29  -168.70    24.32    -8.21    -7.72    -2.22    -1.27     1.36    22.29    -8.35  1075.12   487.32
    26.00   -12.00   109.73  -168.74    25.11    -8.21    -7.64    -2.22    -1.23     1.43    22.29   -10.02  1075.12   450.32
    26.00   -14.00   112.00  -168.78    25.90    -8.21    -7.56    -2.22    -1.18     1.50    22.29   -11.68  1075.12   413.12
    26.00   -16.00   114.13  -168.81    26.70    -8.21    -7.47    -2.22    -1.14     1.58    22.29   -13.34  1075.12   375.75
    26.00   -18.00   116.13  -168.85    27.49    -8.21    -7.37    -2.22    -1.10     1.65    22.29   -15.00  1075.12   338.24
    26.00   -20.00   118.00  -168.88    28.29    -8.21    -7.27    -2.22    -1.06     1.72    22.29   -16.66  1075.12   300.60
    26.00   -22.00   119.75  -168.91    29.09    -8.21    -7.15    -2.22    -1.02     1.80    22.29   -18.32  1075.12   262.85
    26.00   -24.00   121.40  -168.94    29.89    -8.21    -7.04    -2.22    -0.99     1.87    22.29   -19.98  1075.12   225.02
    26.00   -26.00   122.96  -168.96    30.69    -8.21    -6.91    -2.22    -0.95     1.94    22.29   -21.63  1075.12   187.12
    26.00   -28.00   124.42  -168.99    31.50    -8.21    -6.78    -2.22    -0.91     2.02    22.29   -23.29  1075.12   149.16
    26.00   -30.00   125.79  -169.01    32.30    -8.21    -6.63    -2.22    -0.88     2.09    22.29   -24.94  1075.12   111.16
    26.00   -32.00   127.09  -169.03    33.10    -8.21    -6.48    -2.22    -0.84     2.16    22.29   -26.60  1075.12    73.15
    26.00   -34.00   128.32  -169.05    33.91    -8.21    -6.33    -2.22    -0.81     2.24    22.29   -28.25  1075.12    35.12
    26.00   -36.00   129.39  -169.07    34.66    -8.21    -6.17    -2.22    -0.78     2.30    22.29   -29.78  1075.12     0.00
    28.00     0.00   103.31  -167.97    19.98    -8.21    -8.00    -2.28    -1.50     1.06    24.07     0.00  1098.97   668.47
    28.00     2.00    99.78  -167.92    19.19    -8.21    -8.04    -2.28    -1.55     0.99    24.07     1.68  1098.97   703.69
    28.00     4.00    95.94  -167.86    18.41    -8.21    -8.07    -2.28    -1.60     0.92    24.07     3.36  1098.97   738.49
    28.00     6.00    91.75  -167.80    17.62    -8.21    -8.10    -2.28    -1.65     0.84    24.07     5.05  1098.97   772.82
    28.00     8.00    87.16  -167.74    16.84    -8.21    -8.13    -2.28    -1.70     0.77    24.07     6.74  1098.97   806.62
    28.00    10.00    82.13  -167.66    16.07    -8.21    -8.15    -2.28    -1.75     0.69    24.07     8.44  1098.97   839.84
    28.00    12.00    76.59  -167.58    15.30    -8.21    -8.16    -2.28    -1.81     0.62    24.07    10.14  1098.97   872.42
    28.00    14.00    70.46  -167.49    14.53    -8.21    -8.17    -2.28    -1.86     0.54    24.07    11.85  1098.97   904.28
    28.00    16.00    63.66  -167.40    13.77    -8.21    -8.18    -2.28    -1.92     0.46    24.07    13.57  1098.97   935.35
    28.00    18.00    56.06  -167.28    13.02    -8.21    -8.19    -2.28    -1.98     0.39    24.07    15.29  1098.97   965.54
    28.00    20.00    47.55  -167.16    12.27    -8.21    -8.19    -2.28    -2.03     0.31    24.07    17.03  1098.97   994.73
    28.00    22.00    37.93  -167.02    11.54    -8.21    -8.20    -2.28    -2.09     0.23    24.07    18.77  1098.97  1022.82
    28.00    24.00    27.01  -166.86    10.82    -8.21    -8.20    -2.28    -2.15     0.16    24.07    20.52  1098.97  1049.67
    28.00    26.00    14.48  -166.68    10.12    -8.21    -8.21    -2.28    -2.22     0.08    24.07    22.29  1098.97  1075.12
    28.00    28.00     0.00  -166.47     9.44    -8.21    -8.21    -2.28    -2.28     0.00    24.07    24.07  1098.97  1098.97
    28.00    30.00   -16.94  -166.22     8.78    -8.21    -8.22    -2.28    -2.34    -0.08    24.07    25.87  1098.97  1121.00
    28.00    32.00   -37.01  -165.93     8.16    -8.21    -8.23    -2.28    -2.41    -0.16    24.07    27.69  1098.97  1140.93
    28.00    34.00   -61.16  -165.58     7.59    -8.21    -8.25    -2.28    -2.48    -0.24    24.07    29.52  1098.97  1158.41
    28.00    36.00   -90.81  -165.15     7.09    -8.21    -8.28    -2.28    -2.55    -0.32    24.07    31.39  1098.97  1173.00
    28.00    38.00  -128.10  -164.61     6.68    -8.21    -8.33    -2.28    -2.62    -0.41    24.07    33.28  1098.97  1184.13
    28.00     0.00   103.31  -167.97    19.98    -8.21    -8.00    -2.28    -1.50     1.06    24.07     0.00  1098.97   668.47
    28.00    -2.00   106.56  -168.02    20.77    -8.21    -7.96    -2.28    -1.45     1.14    24.07    -1.68  1098.97   632.86
    28.00    -4.00   109.57  -168.06    21.56    -8.21    -7.90    -2.28    -1.41     1.21    24.07    -3.35  1098.97   596.91
    28.00    -6.00   112.34  -168.10    22.36    -8.21    -7.85    -2.28    -1.36     1.29    24.07    -5.02  1098.97   560.65
    28.00    -8.00   114.92  -168.14    23.16    -8.21    -7.78    -2.28    -1.31     1.36    24.07    -6.69  1098.97   524.11
    28.00   -10.00   117.31  -168.18    23.95    -8.21    -7.72    -2.28    -1.27     1.43    24.07    -8.35  1098.97   487.32
    28.00   -12.00   119.53  -168.21    24.75    -8.21    -7.64    -2.28    -1.23     1.51    24.07   -10.02  1098.97   450.32
    28.00   -14.00   121.60  -168.24    25.55    -8.21    -7.56    -2.28    -1.18     1.58    24.07   -11.68  1098.97   413.12
    28.00   -16.00   123.52  -168.27    26.36    -8.21    -7.47    -2.28    -1.14     1.65    24.07   -13.34  1098.97   375.75
    28.00   -18.00   125.32  -168.29    27.16    -8.21    -7.37    -2.28    -1.10     1.73    24.07   -15.00  1098.97   338.24
    28.00   -20.00   127.01  -168.32    27.96    -8.21    -7.27    -2.28    -1.06     1.80    24.07   -16.66  1098.97   300.60
    28.00   -22.00   128.58  -168.34    28.77    -8.21    -7.15    -2.28    -1.02     1.87    24.07   -18.32  1098.97   262.85
    28.00   -24.00   130.06  -168.36    29.57    -8.21    -7.04    -2.28    -0.99     1.95    24.07   -19.98  1098.97   225.02
    28.00   -26.00   131.44  -168.38    30.38    -8.21    -6.91    -2.28    -0.95     2.02    24.07   -21.63  1098.97   187.12
    28.00   -28.00   132.74  -168.40    31.19    -8.21    -6.78    -2.28    -0.91     2.09    24.07   -23.29  1098.97   149.16
    28.00   -30.00   133.95  -168.42    32.00    -8.21    -6.63    -2.28    -0.88     2.17    24.07   -24.94  1098.97   111.16
    28.00   -32.00   135.10  -168.43    32.81    -8.21    -6.48    -2.28    -0.84     2.24    24.07   -26.60  1098.97    73.15
    28.00   -34.00   136.18  -168.45    33.62    -8.21    -6.33    -2.28    -0.81     2.31    24.07   -28.25  1098.97    35.12
    28.00   -36.00   137.12  -168.46    34.37    -8.21    -6.17    -2.28    -0.78     2.38    24.07   -29.78  1098.97     0.00
    30.00     0.00   115.50  -167.45    19.60    -8.22    -8.00    -2.34    -1.50     1.14    25.87     0.00  1121.00   668.47
    30.00     2.00   112.29  -167.41    18.80    -8.22    -8.04    -2.34    -1.55     1.07    25.87     1.68  1121.00   703.69
    30.00     4.00   108.77  -167.37    18.00    -8.22    -8.07    -2.34    -1.60     1.00    25.87     3.36  1121.00   738.49
    30.00     6.00   104.92  -167.32    17.21    -8.22    -8.10    -2.34    -1.65     0.92    25.87     5.05  1121.00   772.82
    30.00     8.00   100.69  -167.27    16.41    -8.22    -8.13    -2.34    -1.70     0.85    25.87     6.74  1121.00   806.62
    30.00    10.00    96.02  -167.21    15.62    -8.22    -8.15    -2.34    -1.75     0.77    25.87     8.44  1121.00   839.84
    30.00    12.00    90.86  -167.14    14.83    -8.22    -8.16    -2.34    -1.81     0.70    25.87    10.14  1121.00   872.42
    30.00    14.00    85.11  -167.07    14.05    -8.22    -8.17    -2.34    -1.86     0.62    25.87    11.85  1121.00   904.28
    30.00    16.00    78.70  -166.99    13.27    -8.22    -8.18    -2.34    -1.92     0.54    25.87    13.57  1121.00   935.35
    30.00    18.00    71.49  -166.90    12.50    -8.22    -8.19    -2.34    -1.98     0.47    25.87    15.29  1121.00   965.54
    30.00    20.00    63.36  -166.80    11.73    -8.22    -8.19    -2.34    -2.03     0.39    25.87    17.03  1121.00   994.73
    30.00    22.00    54.11  -166.69    10.97    -8.22    -8.20    -2.34    -2.09     0.31    25.87    18.77  1121.00  1022.82
    30.00    24.00    43.51  -166.55    10.23    -8.22    -8.20    -2.34    -2.15     0.24    25.87    20.52  1121.00  1049.67
    30.00    26.00    31.26  -166.40     9.49    -8.22    -8.21    -2.34    -2.22     0.16    25.87    22.29  1121.00  1075.12
    30.00    28.00    16.94  -166.22     8.78    -8.22    -8.21    -2.34    -2.28     0.08    25.87    24.07  1121.00  1098.97
    30.00    30.00     0.00  -166.01     8.09    -8.22    -8.22    -2.34    -2.34     0.00    25.87    25.87  1121.00  1121.00
    30.00    32.00   -20.34  -165.76     7.43    -8.22    -8.23    -2.34    -2.41    -0.08    25.87    27.69  1121.00  1140.93
    30.00    34.00   -45.21  -165.45     6.82    -8.22    -8.25    -2.34    -2.48    -0.16    25.87    29.52  1121.00  1158.41
    30.00    36.00   -76.33  -165.06     6.28    -8.22    -8.28    -2.34    -2.55    -0.24    25.87    31.39  1121.00  1173.00
    30.00    38.00  -116.41  -164.56     5.83    -8.22    -8.33    -2.34    -2.62    -0.33    25.87    33.28  1121.00  1184.13
    30.00     0.00   115.50  -167.45    19.60    -8.22    -8.00    -2.34    -1.50     1.14    25.87     0.00  1121.00   668.47
    30.00    -2.00   118.45  -167.49    20.40    -8.22    -7.96    -2.34    -1.45     1.22    25.87    -1.68  1121.00   632.86
    30.00    -4.00   121.16  -167.52    21.20    -8.22    -7.90    -2.34    -1.41     1.29    25.87    -3.35  1121.00   596.91
    30.00    -6.00   123.65  -167.55    22.01    -8.22    -7.85    -2.34    -1.36     1.37    25.87    -5.02  1121.00   560.65
    30.00    -8.00   125.95  -167.58    22.81    -8.22    -7.78    -2.34    -1.31     1.44    25.87    -6.69  1121.00   524.11
    30.00   -10.00   128.08  -167.61    23.62    -8.22    -7.72    -2.34    -1.27     1.51    25.87    -8.35  1121.00   487.32
    30.00   -12.00   130.06  -167.63    24.43    -8.22    -7.64    -2.34    -1.23     1.59    25.87   -10.02  1121.00   450.32
    30.00   -14.00   131.88  -167.66    25.23    -8.22    -7.56    -2.34    -1.18     1.66    25.87   -11.68  1121.00   413.12
    30.00   -16.00   133.58  -167.68    26.04    -8.22    -7.47    -2.34    -1.14     1.73    25.87   -13.34  1121.00   375.75
    30.00   -18.00   135.16  -167.70    26.85    -8.22    -7.37    -2.34    -1.10     1.81    25.87   -15.00  1121.00   338.24
    30.00   -20.00   136.63  -167.72    27.66    -8.22    -7.27    -2.34    -1.06     1.88    25.87   -16.66  1121.00   300.60
    30.00   -22.00   138.00  -167.73    28.47    -8.22    -7.15    -2.34    -1.02     1.95    25.87   -18.32  1121.00   262.85
    30.00   -24.00   139.27  -167.75    29.29    -8.22    -7.04    -2.34    -0.99     2.03    25.87   -19.98  1121.00   225.02
    30.00   -26.00   140.46  -167.76    30.10    -8.22    -6.91    -2.34    -0.95     2.10    25.87   -21.63  1121.00   187.12
    30.00   -28.00   141.57  -167.78    30.91    -8.22    -6.78    -2.34    -0.91     2.17    25.87   -23.29  1121.00   149.16
    30.00   -30.00   142.61  -167.79    31.72    -8.22    -6.63    -2.34    -0.88     2.25    25.87   -24.94  1121.00   111.16
    30.00   -32.00   143.59  -167.80    32.54    -8.22    -6.48    -2.34    -0.84     2.32    25.87   -26.60  1121.00    73.15
    30.00   -34.00   144.50  -167.81    33.35    -8.22    -6.33    -2.34    -0.81     2.39    25.87   -28.25  1121.00    35.12
    30.00   -36.00   145.29  -167.82    34.11    -8.22    -6.17    -2.34    -0.78     2.46    25.87   -29.78  1121.00     0.00
    32.00     0.00   128.82  -166.88    19.26    -8.23    -8.00    -2.41    -1.50     1.22    27.69     0.00  1140.93   668.47
    32.00     2.00   125.99  -166.85    18.45    -8.23    -8.04    -2.41    -1.55     1.15    27.69     1.68  1140.93   703.69
    32.00     4.00   122.88  -166.82    17.64    -8.23    -8.07    -2.41    -1.60     1.08    27.69     3.36  1140.93   738.49
    32.00     6.00   119.46  -166.79    16.83    -8.23    -8.10    -2.41    -1.65     1.00    27.69     5.05  1140.93   772.82
    32.00     8.00   115.67  -166.75    16.02    -8.23    -8.13    -2.41    -1.70     0.93    27.69     6.74  1140.93   806.62
    32.00    10.00   111.47  -166.70    15.22    -8.23    -8.15    -2.41    -1.75     0.85    27.69     8.44  1140.93   839.84
    32.00    12.00   106.79  -166.66    14.41    -8.23    -8.16    -2.41    -1.81     0.78    27.69    10.14  1140.93   872.42
    32.00    14.00   101.55  -166.60    13.61    -8.23    -8.17    -2.41    -1.86     0.70    27.69    11.85  1140.93   904.28
    32.00    16.00    95.66  -166.54    12.81    -8.23    -8.18    -2.41    -1.92     0.62    27.69    13.57  1140.93   935.35
    32.00    18.00    89.00  -166.47    12.02    -8.23    -8.19    -2.41    -1.98     0.55    27.69    15.29  1140.93   965.54
    32.00    20.00    81.41  -166.39    11.23    -8.23    -8.19    -2.41    -2.03     0.47    27.69    17.03  1140.93   994.73
    32.00    22.00    72.72  -166.30    10.45    -8.23    -8.20    -2.41    -2.09     0.39    27.69    18.77  1140.93  1022.82
    32.00    24.00    62.66  -166.20     9.67    -8.23    -8.20    -2.41    -2.15     0.32    27.69    20.52  1140.93  1049.67
    32.00    26.00    50.90  -166.08     8.91    -8.23    -8.21    -2.41    -2.22     0.24    27.69    22.29  1140.93  1075.12
    32.00    28.00    37.01  -165.93     8.16    -8.23    -8.21    -2.41    -2.28     0.16    27.69    24.07  1140.93  1098.97
    32.00    30.00    20.34  -165.76     7.43    -8.23    -8.22    -2.41    -2.34     0.08    27.69    25.87  1140.93  1121.00
    32.00    32.00     0.00  -165.55     6.74    -8.23    -8.23    -2.41    -2.41     0.00    27.69    27.69  1140.93  1140.93
    32.00    34.00   -25.36  -165.28     6.08    -8.23    -8.25    -2.41    -2.48    -0.08    27.69    29.52  1140.93  1158.41
    32.00    36.00   -57.84  -164.95     5.48    -8.23    -8.28    -2.41    -2.55    -0.16    27.69    31.39  1140.93  1173.00
    32.00    38.00  -100.96  -164.50     4.98    -8.23    -8.33    -2.41    -2.62    -0.25    27.69    33.28  1140.93  1184.13
    32.00     0.00   128.82  -166.88    19.26    -8.23    -8.00    -2.41    -1.50     1.22    27.69     0.00  1140.93   668.47
    32.00    -2.00   131.40  -166.91    20.07    -8.23    -7.96    -2.41    -1.45     1.30    27.69    -1.68  1140.93   632.86
    32.00    -4.00   133.76  -166.94    20.88    -8.23    -7.90    -2.41    -1.41     1.37    27.69    -3.35  1140.93   596.91
    32.00    -6.00   135.92  -166.96    21.69    -8.23    -7.85    -2.41    -1.36     1.45    27.69    -5.02  1140.93   560.65
    32.00    -8.00   137.90  -166.98    22.51    -8.23    -7.78    -2.41    -1.31     1.52    27.69    -6.69  1140.93   524.11
    32.00   -10.00   139.73  -167.00    23.32    -8.23    -7.72    -2.41    -1.27     1.59    27.69    -8.35  1140.93   487.32
    32.00   -12.00   141.41  -167.01    24.13    -8.23    -7.64    -2.41    -1.23     1.67    27.69   -10.02  1140.93   450.32
    32.00   -14.00   142.95  -167.03    24.95    -8.23    -7.56    -2.41    -1.18     1.74    27.69   -11.68  1140.93   413.12
    32.00   -16.00   144.38  -167.05    25.76    -8.23    -7.47    -2.41    -1.14     1.81    27.69   -13.34  1140.93   375.75
    32.00   -18.00   145.71  -167.06    26.58    -8.23    -7.37    -2.41    -1.10     1.89    27.69   -15.00  1140.93   338.24
    32.00   -20.00   146.93  -167.07    27.40    -8.23    -7.27    -2.41    -1.06     1.96    27.69   -16.66  1140.93   300.60
    32.00   -22.00   148.06  -167.08    28.21    -8.23    -7.15    -2.41    -1.02     2.03    27.69   -18.32  1140.93   262.85
    32.00   -24.00   149.11  -167.09    29.03    -8.23    -7.04    -2.41    -0.99     2.11    27.69   -19.98  1140.93   225.02
    32.00   -26.00   150.09  -167.11    29.85    -8.23    -6.91    -2.41    -0.95     2.18    27.69   -21.63  1140.93   187.12
    32.00   -28.00   150.99  -167.11    30.66    -8.23    -6.78    -2.41    -0.91     2.25    27.69   -23.29  1140.93   149.16
    32.00   -30.00   151.83  -167.12    31.48    -8.23    -6.63    -2.41    -0.88     2.33    27.69   -24.94  1140.93   111.16
    32.00   -32.00   152.61  -167.13    32.30    -8.23    -6.48    -2.41    -0.84     2.40    27.69   -26.60  1140.93    73.15
    32.00   -34.00   153.33  -167.14    33.12    -8.23    -6.33    -2.41    -0.81     2.47    27.69   -28.25  1140.93    35.12
    32.00   -36.00   153.96  -167.15    33.88    -8.23    -6.17    -2.41    -0.78     2.54    27.69   -29.78  1140.93     0.00
    34.00     0.00   143.46  -166.26    18.96    -8.25    -8.00    -2.48    -1.50     1.31    29.52     0.00  1158.41   668.47
    34.00     2.00   141.10  -166.24    18.14    -8.25    -8.04    -2.48    -1.55     1.23    29.52     1.68  1158.41   703.69
    34.00     4.00   138.49  -166.22    17.32    -8.25    -8.07    -2.48    -1.60     1.16    29.52     3.36  1158.41   738.49
    34.00     6.00   135.59  -166.20    16.50    -8.25    -8.10    -2.48    -1.65     1.08    29.52     5.05  1158.41   772.82
    34.00     8.00   132.36  -166.17    15.68    -8.25    -8.13    -2.48    -1.70     1.01    29.52     6.74  1158.41   806.62
    34.00    10.00   128.75  -166.14    14.86    -8.25    -8.15    -2.48    -1.75     0.93    29.52     8.44  1158.41   839.84
    34.00    12.00   124.70  -166.11    14.04    -8.25    -8.16    -2.48    -1.81     0.86    29.52    10.14  1158.41   872.42
    34.00    14.00   120.13  -166.07    13.22    -8.25    -8.17    -2.48    -1.86     0.78    29.52    11.85  1158.41   904.28
    34.00    16.00   114.95  -166.02    12.41    -8.25    -8.18    -2.48    -1.92     0.71    29.52    13.57  1158.41   935.35
    34.00    18.00   109.03  -165.98    11.59    -8.25    -8.19    -2.48    -1.98     0.63    29.52    15.29  1158.41   965.54
    34.00    20.00   102.24  -165.92    10.78    -8.25    -8.19    -2.48    -2.03     0.55    29.52    17.03  1158.41   994.73
    34.00    22.00    94.36  -165.85     9.97    -8.25    -8.20    -2.48    -2.09     0.48    29.52    18.77  1158.41  1022.82
    34.00    24.00    85.15  -165.78     9.17    -8.25    -8.20    -2.48    -2.15     0.40    29.52    20.52  1158.41  1049.67
    34.00    26.00    74.24  -165.69     8.38    -8.25    -8.21    -2.48    -2.22     0.32    29.52    22.29  1158.41  1075.12
    34.00    28.00    61.16  -165.58     7.59    -8.25    -8.21    -2.48    -2.28     0.24    29.52    24.07  1158.41  1098.97
    34.00    30.00    45.21  -165.45     6.82    -8.25    -8.22    -2.48    -2.34     0.16    29.52    25.87  1158.41  1121.00
    34.00    32.00    25.36  -165.28     6.08    -8.25    -8.23    -2.48    -2.41     0.08    29.52    27.69  1158.41  1140.93
    34.00    34.00     0.00  -165.07     5.37    -8.25    -8.25    -2.48    -2.48     0.00    29.52    29.52  1158.41  1158.41
    34.00    36.00   -33.48  -164.80     4.71    -8.25    -8.28    -2.48    -2.55    -0.08    29.52    31.39  1158.41  1173.00
    34.00    38.00   -79.73  -164.41     4.14    -8.25    -8.33    -2.48    -2.62    -0.17    29.52    33.28  1158.41  1184.13
    34.00     0.00   143.46  -166.26    18.96    -8.25    -8.00    -2.48    -1.50     1.31    29.52     0.00  1158.41   668.47
    34.00    -2.00   145.59  -166.28    19.78    -8.25    -7.96    -2.48    -1.45     1.38    29.52    -1.68  1158.41   632.86
    34.00    -4.00   147.53  -166.29    20.60    -8.25    -7.90    -2.48    -1.41     1.45    29.52    -3.35  1158.41   596.91
    34.00    -6.00   149.29  -166.31    21.42    -8.25    -7.85    -2.48    -1.36     1.53    29.52    -5.02  1158.41   560.65
    34.00    -8.00   150.89  -166.32    22.24    -8.25    -7.78    -2.48    -1.31     1.60    29.52    -6.69  1158.41   524.11
    34.00   -10.00   152.36  -166.33    23.06    -8.25    -7.72    -2.48    -1.27     1.68    29.52    -8.35  1158.41   487.32
    34.00   -12.00   153.70  -166.35    23.88    -8.25    -7.64    -2.48    -1.23     1.75    29.52   -10.02  1158.41   450.32
    34.00   -14.00   154.92  -166.36    24.70    -8.25    -7.56    -2.48    -1.18     1.82    29.52   -11.68  1158.41   413.12
    34.00   -16.00   156.04  -166.36    25.52    -8.25    -7.47    -2.48    -1.14     1.90    29.52   -13.34  1158.41   375.75
    34.00   -18.00   157.06  -166.37    26.34    -8.25    -7.37    -2.48    -1.10     1.97    29.52   -15.00  1158.41   338.24
    34.00   -20.00   158.00  -166.38    27.17    -8.25    -7.27    -2.48    -1.06     2.04    29.52   -16.66  1158.41   300.60
    34.00   -22.00   158.87  -166.39    27.99    -8.25    -7.15    -2.48    -1.02     2.12    29.52   -18.32  1158.41   262.85
    34.00   -24.00   159.66  -166.39    28.81    -8.25    -7.04    -2.48    -0.99     2.19    29.52   -19.98  1158.41   225.02
    34.00   -26.00   160.38  -166.40    29.63    -8.25    -6.91    -2.48    -0.95     2.26    29.52   -21.63  1158.41   187.12
    34.00   -28.00   161.05  -166.41    30.45    -8.25    -6.78    -2.48    -0.91     2.34    29.52   -23.29  1158.41   149.16
    34.00   -30.00   161.66  -166.41    31.27    -8.25    -6.63    -2.48    -0.88     2.41    29.52   -24.94  1158.41   111.16
    34.00   -32.00   162.22  -166.42    32.09    -8.25    -6.48    -2.48    -0.84     2.48    29.52   -26.60  1158.41    73.15
    34.00   -34.00   162.74  -166.42    32.92    -8.25    -6.33    -2.48    -0.81     2.56    29.52   -28.25  1158.41    35.12
    34.00   -36.00   163.18  -166.42    33.68    -8.25    -6.17    -2.48    -0.78     2.62    29.52   -29.78  1158.41     0.00
    36.00     0.00   159.63  -165.57    18.71    -8.28    -8.00    -2.55    -1.50     1.39    31.39     0.00  1173.00   668.47
    36.00     2.00   157.85  -165.56    17.89    -8.28    -8.04    -2.55    -1.55     1.31    31.39     1.68  1173.00   703.69
    36.00     4.00   155.86  -165.55    17.06    -8.28    -8.07    -2.55    -1.60     1.24    31.39     3.36  1173.00   738.49
    36.00     6.00   153.62  -165.53    16.23    -8.28    -8.10    -2.55    -1.65     1.16    31.39     5.05  1173.00   772.82
    36.00     8.00   151.10  -165.52    15.39    -8.28    -8.13    -2.55    -1.70     1.09    31.39     6.74  1173.00   806.62
    36.00    10.00   148.25  -165.50    14.56    -8.28    -8.15    -2.55    -1.75     1.02    31.39     8.44  1173.00   839.84
    36.00    12.00   145.02  -165.48    13.73    -8.28    -8.16    -2.55    -1.81     0.94    31.39    10.14  1173.00   872.42
    36.00    14.00   141.34  -165.46    12.90    -8.28    -8.17    -2.55    -1.86     0.86    31.39    11.85  1173.00   904.28
    36.00    16.00   137.11  -165.43    12.06    -8.28    -8.18    -2.55    -1.92     0.79    31.39    13.57  1173.00   935.35
    36.00    18.00   132.23  -165.40    11.23    -8.28    -8.19    -2.55    -1.98     0.71    31.39    15.29  1173.00   965.54
    36.00    20.00   126.55  -165.37    10.40    -8.28    -8.19    -2.55    -2.03     0.64    31.39    17.03  1173.00   994.73
    36.00    22.00   119.88  -165.33     9.57    -8.28    -8.20    -2.55    -2.09     0.56    31.39    18.77  1173.00  1022.82
    36.00    24.00   111.96  -165.28     8.74    -8.28    -8.20    -2.55    -2.15     0.48    31.39    20.52  1173.00  1049.67
    36.00    26.00   102.44  -165.22     7.91    -8.28    -8.21    -2.55    -2.22     0.40    31.39    22.29  1173.00  1075.12
    36.00    28.00    90.81  -165.15     7.09    -8.28    -8.21    -2.55    -2.28     0.32    31.39    24.07  1173.00  1098.97
    36.00    30.00    76.33  -165.06     6.28    -8.28    -8.22    -2.55    -2.34     0.24    31.39    25.87  1173.00  1121.00
    36.00    32.00    57.84  -164.95     5.48    -8.28    -8.23    -2.55    -2.41     0.16    31.39    27.69  1173.00  1140.93
    36.00    34.00    33.48  -164.80     4.71    -8.28    -8.25    -2.55    -2.48     0.08    31.39    29.52  1173.00  1158.41
    36.00    36.00     0.00  -164.59     3.98    -8.28    -8.28    -2.55    -2.55     0.00    31.39    31.39  1173.00  1173.00
    36.00    38.00   -48.84  -164.29     3.33    -8.28    -8.33    -2.55    -2.62    -0.08    31.39    33.28  1173.00  1184.13
    36.00     0.00   159.63  -165.57    18.71    -8.28    -8.00    -2.55    -1.50     1.39    31.39     0.00  1173.00   668.47
    36.00    -2.00   161.23  -165.58    19.54    -8.28    -7.96    -2.55    -1.45     1.46    31.39    -1.68  1173.00   632.86
    36.00    -4.00   162.66  -165.59    20.37    -8.28    -7.90    -2.55    -1.41     1.54    31.39    -3.35  1173.00   596.91
    36.00    -6.00   163.94  -165.60    21.20    -8.28    -7.85    -2.55    -1.36     1.61    31.39    -5.02  1173.00   560.65
    36.00    -8.00   165.09  -165.60    22.02    -8.28    -7.78    -2.55    -1.31     1.68    31.39    -6.69  1173.00   524.11
    36.00   -10.00   166.13  -165.61    22.85    -8.28    -7.72    -2.55    -1.27     1.76    31.39    -8.35  1173.00   487.32
    36.00   -12.00   167.07  -165.62    23.68    -8.28    -7.64    -2.55    -1.23     1.83    31.39   -10.02  1173.00   450.32
    36.00   -14.00   167.91  -165.62    24.50    -8.28    -7.56    -2.55    -1.18     1.90    31.39   -11.68  1173.00   413.12
    36.00   -16.00   168.66  -165.63    25.33    -8.28    -7.47    -2.55    -1.14     1.98    31.39   -13.34  1173.00   375.75
    36.00   -18.00   169.35  -165.63    26.15    -8.28    -7.37    -2.55    -1.10     2.05    31.39   -15.00  1173.00   338.24
    36.00   -20.00   169.96  -165.63    26.98    -8.28    -7.27    -2.55    -1.06     2.12    31.39   -16.66  1173.00   300.60
    36.00   -22.00   170.51  -165.64    27.80    -8.28    -7.15    -2.55    -1.02     2.20    31.39   -18.32  1173.00   262.85
    36.00   -24.00   171.01  -165.64    28.63    -8.28    -7.04    -2.55    -0.99     2.27    31.39   -19.98  1173.00   225.02
    36.00   -26.00   171.45  -165.64    29.45    -8.28    -6.91    -2.55    -0.95     2.34    31.39   -21.63  1173.00   187.12
    36.00   -28.00   171.85  -165.65    30.28    -8.28    -6.78    -2.55    -0.91     2.42    31.39   -23.29  1173.00   149.16
    36.00   -30.00   172.20  -165.65    31.10    -8.28    -6.63    -2.55    -0.88     2.49    31.39   -24.94  1173.00   111.16
    36.00   -32.00   172.52  -165.65    31.93    -8.28    -6.48    -2.55    -0.84     2.56    31.39   -26.60  1173.00    73.15
    36.00   -34.00   172.80  -165.65    32.75    -8.28    -6.33    -2.55    -0.81     2.64    31.39   -28.25  1173.00    35.12
    36.00   -36.00   173.02  -165.65    33.51    -8.28    -6.17    -2.55    -0.78     2.71    31.39   -29.78  1173.00     0.00
    38.00     0.00   177.65  -164.80    18.53    -8.33    -8.00    -2.62    -1.50     1.47    33.28     0.00  1184.13   668.47
    38.00     2.00   176.58  -164.80    17.70    -8.33    -8.04    -2.62    -1.55     1.40    33.28     1.68  1184.13   703.69
    38.00     4.00   175.36  -164.79    16.86    -8.33    -8.07    -2.62    -1.60     1.32    33.28     3.36  1184.13   738.49
    38.00     6.00   173.95  -164.79    16.02    -8.33    -8.10    -2.62    -1.65     1.25    33.28     5.05  1184.13   772.82
    38.00     8.00   172.33  -164.78    15.18    -8.33    -8.13    -2.62    -1.70     1.17    33.28     6.74  1184.13   806.62
    38.00    10.00   170.47  -164.77    14.34    -8.33    -8.15    -2.62    -1.75     1.10    33.28     8.44  1184.13   839.84
    38.00    12.00   168.31  -164.77    13.50    -8.33    -8.16    -2.62    -1.81     1.02    33.28    10.14  1184.13   872.42
    38.00    14.00   165.80  -164.76    12.65    -8.33    -8.17    -2.62    -1.86     0.95    33.28    11.85  1184.13   904.28
    38.00    16.00   162.87  -164.74    11.80    -8.33    -8.18    -2.62    -1.92     0.87    33.28    13.57  1184.13   935.35
    38.00    18.00   159.42  -164.73    10.95    -8.33    -8.19    -2.62    -1.98     0.80    33.28    15.29  1184.13   965.54
    38.00    20.00   155.34  -164.71    10.10    -8.33    -8.19    -2.62    -2.03     0.72    33.28    17.03  1184.13   994.73
    38.00    22.00   150.44  -164.70     9.25    -8.33    -8.20    -2.62    -2.09     0.64    33.28    18.77  1184.13  1022.82
    38.00    24.00   144.51  -164.67     8.39    -8.33    -8.20    -2.62    -2.15     0.56    33.28    20.52  1184.13  1049.67
    38.00    26.00   137.23  -164.64     7.54    -8.33    -8.21    -2.62    -2.22     0.49    33.28    22.29  1184.13  1075.12
    38.00    28.00   128.10  -164.61     6.68    -8.33    -8.21    -2.62    -2.28     0.41    33.28    24.07  1184.13  1098.97
    38.00    30.00   116.41  -164.56     5.83    -8.33    -8.22    -2.62    -2.34     0.33    33.28    25.87  1184.13  1121.00
    38.00    32.00   100.96  -164.50     4.98    -8.33    -8.23    -2.62    -2.41     0.25    33.28    27.69  1184.13  1140.93
    38.00    34.00    79.73  -164.41     4.14    -8.33    -8.25    -2.62    -2.48     0.17    33.28    29.52  1184.13  1158.41
    38.00    36.00    48.84  -164.29     3.33    -8.33    -8.28    -2.62    -2.55     0.08    33.28    31.39  1184.13  1173.00
    38.00    38.00     0.00  -164.10     2.57    -8.33    -8.33    -2.62    -2.62     0.00    33.28    33.28  1184.13  1184.13
    38.00     0.00   177.65  -164.80    18.53    -8.33    -8.00    -2.62    -1.50     1.47    33.28     0.00  1184.13   668.47
    38.00    -2.00   178.58  -164.81    19.37    -8.33    -7.96    -2.62    -1.45     1.55    33.28    -1.68  1184.13   632.86
    38.00    -4.00   179.39  -164.81    20.20    -8.33    -7.90    -2.62    -1.41     1.62    33.28    -3.35  1184.13   596.91
    38.00    -6.00   180.09  -164.81    21.03    -8.33    -7.85    -2.62    -1.36     1.69    33.28    -5.02  1184.13   560.65
    38.00    -8.00   180.71  -164.81    21.86    -8.33    -7.78    -2.62    -1.31     1.77    33.28    -6.69  1184.13   524.11
    38.00   -10.00   181.24  -164.82    22.69    -8.33    -7.72    -2.62    -1.27     1.84    33.28    -8.35  1184.13   487.32
    38.00   -12.00   181.70  -164.82    23.52    -8.33    -7.64    -2.62    -1.23     1.92    33.28   -10.02  1184.13   450.32
    38.00   -14.00   182.09  -164.82    24.35    -8.33    -7.56    -2.62    -1.18     1.99    33.28   -11.68  1184.13   413.12
    38.00   -16.00   182.42  -164.82    25.18    -8.33    -7.47    -2.62    -1.14     2.06    33.28   -13.34  1184.13   375.75
    38.00   -18.00   182.70  -164.82    26.01    -8.33    -7.37    -2.62    -1.10     2.14    33.28   -15.00  1184.13   338.24
    38.00   -20.00   182.94  -164.82    26.84    -8.33    -7.27    -2.62    -1.06     2.21    33.28   -16.66  1184.13   300.60
    38.00   -22.00   183.13  -164.82    27.66    -8.33    -7.15    -2.62    -1.02     2.28    33.28   -18.32  1184.13   262.85
    38.00   -24.00   183.28  -164.83    28.49    -8.33    -7.04    -2.62    -0.99     2.36    33.28   -19.98  1184.13   225.02
    38.00   -26.00   183.40  -164.83    29.32    -8.33    -6.91    -2.62    -0.95     2.43    33.28   -21.63  1184.13   187.12
    38.00   -28.00   183.49  -164.83    30.15    -8.33    -6.78    -2.62    -0.91     2.50    33.28   -23.29  1184.13   149.16
    38.00   -30.00   183.55  -164.83    30.97    -8.33    -6.63    -2.62    -0.88     2.58    33.28   -24.94  1184.13   111.16
    38.00   -32.00   183.58  -164.83    31.80    -8.33    -6.48    -2.62    -0.84     2.65    33.28   -26.60  1184.13    73.15
    38.00   -34.00   183.59  -164.83    32.63    -8.33    -6.33    -2.62    -0.81     2.72    33.28   -28.25  1184.13    35.12
    38.00   -36.00   183.58  -164.83    33.39    -8.33    -6.17    -2.62    -0.78     2.79    33.28   -29.78  1184.13     0.00
