400 -100 -160.7239657
400 -60 -187.29352
400 -30 -255.9652073
400 -20 -318.7086748
400 -15 -365.4074326
400 -12 -391.8262104
400 -10 -399.9839476
400 -8 -389.1898075
400 -6 -346.1310299
400 -5 -309.2125779
400 -4 -261.7824354
400 -3 -204.9660175
400 -2 -140.757042
400 -1 -71.59787893
400 0 0
400 1 71.59787893
400 2 140.757042
400 3 204.9660175
400 4 261.7824354
400 5 309.2125779
400 6 346.1310299
400 8 389.1898075
400 10 399.9839476
400 12 391.8262104
400 15 365.4074326
400 20 318.7086748
400 30 255.9652073
400 60 187.29352
400 100 160.7239657
800 -100 -321.4479314
800 -60 -374.5870401
800 -30 -511.9304146
800 -20 -637.4173496
800 -15 -730.8148652
800 -12 -783.6524207
800 -10 -799.9678952
800 -8 -778.3796149
800 -6 -692.2620598
800 -5 -618.4251559
800 -4 -523.5648709
800 -3 -409.932035
800 -2 -281.5140839
800 -1 -143.1957579
800 0 0
800 1 143.1957579
800 2 281.5140839
800 3 409.932035
800 4 523.5648709
800 5 618.4251559
800 6 692.2620598
800 8 778.3796149
800 10 799.9678952
800 12 783.6524207
800 15 730.8148652
800 20 637.4173496
800 30 511.9304146
800 60 374.5870401
800 100 321.4479314
1200 -100 -453.2415833
1200 -60 -528.1677265
1200 -30 -721.8218846
1200 -20 -898.7584629
1200 -15 -1030.44896
1200 -12 -1104.949913
1200 -10 -1127.954732
1200 -8 -1097.515257
1200 -6 -976.0895043
1200 -5 -871.9794697
1200 -4 -738.2264679
1200 -3 -578.0041694
1200 -2 -396.9348583
1200 -1 -201.9060186
1200 0 0
1200 1 201.9060186
1200 2 396.9348583
1200 3 578.0041694
1200 4 738.2264679
1200 5 871.9794697
1200 6 976.0895043
1200 8 1097.515257
1200 10 1127.954732
1200 12 1104.949913
1200 15 1030.44896
1200 20 898.7584629
1200 30 721.8218846
1200 60 528.1677265
1200 100 453.2415833
1600 -100 -568.0627844
1600 -60 -661.9702172
1600 -30 -904.6834287
1600 -20 -1126.44394
1600 -15 -1291.49603
1600 -12 -1384.870558
1600 -10 -1413.703264
1600 -8 -1375.552455
1600 -6 -1223.365512
1600 -5 -1092.880935
1600 -4 -925.2438398
1600 -3 -724.4318923
1600 -2 -497.4916891
1600 -1 -253.0555433
1600 0 0
1600 1 253.0555433
1600 2 497.4916891
1600 3 724.4318923
1600 4 925.2438398
1600 5 1092.880935
1600 6 1223.365512
1600 8 1375.552455
1600 10 1413.703264
1600 12 1384.870558
1600 15 1291.49603
1600 20 1126.44394
1600 30 904.6834287
1600 60 661.9702172
1600 100 568.0627844
