
  ----------------------------------------------------------------------------------------------------------------------------
  IPGKinematics  Version 3.6.7                                            Model: Querlenker                                   
  ----------------------------------------------------------------------------------------------------------------------------

   Table: Reciprocal Kinematics                                           FSE08 front suspension                              

  WhlTraL  WhlTraR    RCLat   RCVert   RCHeig     ToeL     ToeR  CamberL  CamberR  TotRoll  TransZL  TransZR WhlLoadL WhlLoadR
     [mm]     [mm]     [mm]     [mm]     [mm]    [min]    [min]    [deg]    [deg]    [deg]     [mm]     [mm]      [N]      [N]

     0.00     0.00     0.00   -83.69   116.31    -8.00    -8.00    -1.50    -1.50     0.00     0.00     0.00   668.47   668.47
     0.00     2.00    -1.22   -83.47   115.55    -8.00    -8.09    -1.50    -1.64    -0.09     0.00     1.96   668.47   711.19
     0.00     4.00    -2.45   -83.25   114.79    -8.00    -8.17    -1.50    -1.78    -0.17     0.00     3.91   668.47   754.33
     0.00     6.00    -3.71   -83.03   114.04    -8.00    -8.24    -1.50    -1.92    -0.26     0.00     5.86   668.47   797.84
     0.00     8.00    -4.98   -82.80   113.29    -8.00    -8.30    -1.50    -2.07    -0.35     0.00     7.81   668.47   841.67
     0.00    10.00    -6.27   -82.57   112.54    -8.00    -8.36    -1.50    -2.21    -0.43     0.00     9.76   668.47   885.74
     0.00    12.00    -7.59   -82.33   111.80    -8.00    -8.40    -1.50    -2.35    -0.52     0.00    11.71   668.47   929.96
     0.00    14.00    -8.92   -82.09   111.06    -8.00    -8.44    -1.50    -2.50    -0.60     0.00    13.66   668.47   974.22
     0.00    16.00   -10.27   -81.85   110.32    -8.00    -8.47    -1.50    -2.65    -0.69     0.00    15.61   668.47  1018.39
     0.00    18.00   -11.64   -81.60   109.59    -8.00    -8.50    -1.50    -2.80    -0.78     0.00    17.55   668.47  1062.29
     0.00    20.00   -13.04   -81.35   108.86    -8.00    -8.51    -1.50    -2.94    -0.86     0.00    19.50   668.47  1105.74
     0.00    22.00   -14.46   -81.10   108.13    -8.00    -8.52    -1.50    -3.09    -0.95     0.00    21.45   668.47  1148.49
     0.00    24.00   -15.90   -80.84   107.41    -8.00    -8.53    -1.50    -3.25    -1.04     0.00    23.39   668.47  1190.26
     0.00    26.00   -17.36   -80.58   106.69    -8.00    -8.54    -1.50    -3.40    -1.12     0.00    25.34   668.47  1230.68
     0.00    28.00   -18.85   -80.31   105.97    -8.00    -8.54    -1.50    -3.55    -1.21     0.00    27.29   668.47  1269.34
     0.00    30.00   -20.36   -80.04   105.26    -8.00    -8.55    -1.50    -3.71    -1.29     0.00    29.23   668.47  1305.70
     0.00    32.00   -21.90   -79.76   104.55    -8.00    -8.55    -1.50    -3.86    -1.38     0.00    31.18   668.47  1339.10
     0.00    34.00   -23.47   -79.48   103.84    -8.00    -8.57    -1.50    -4.02    -1.47     0.00    33.14   668.47  1368.75
     0.00    36.00   -25.06   -79.20   103.13    -8.00    -8.60    -1.50    -4.18    -1.56     0.00    35.09   668.47  1393.61
     0.00    38.00   -26.69   -78.90   102.43    -8.00    -8.64    -1.50    -4.34    -1.64     0.00    37.06   668.47  1412.41
     0.00     0.00     0.00   -83.69   116.31    -8.00    -8.00    -1.50    -1.50     0.00     0.00     0.00   668.47   668.47
     0.00    -2.00     1.20   -83.91   117.07    -8.00    -7.90    -1.50    -1.36     0.09     0.00    -1.96   668.47   626.21
     0.00    -4.00     2.38   -84.12   117.83    -8.00    -7.79    -1.50    -1.22     0.17     0.00    -3.91   668.47   584.44
     0.00    -6.00     3.55   -84.33   118.60    -8.00    -7.68    -1.50    -1.09     0.26     0.00    -5.87   668.47   543.18
     0.00    -8.00     4.70   -84.54   119.38    -8.00    -7.55    -1.50    -0.95     0.35     0.00    -7.83   668.47   502.44
     0.00   -10.00     5.83   -84.74   120.15    -8.00    -7.41    -1.50    -0.82     0.43     0.00    -9.80   668.47   462.24
     0.00   -12.00     6.94   -84.94   120.93    -8.00    -7.27    -1.50    -0.68     0.52     0.00   -11.76   668.47   422.57
     0.00   -14.00     8.04   -85.14   121.71    -8.00    -7.12    -1.50    -0.55     0.61     0.00   -13.72   668.47   383.43
     0.00   -16.00     9.13   -85.33   122.49    -8.00    -6.95    -1.50    -0.42     0.69     0.00   -15.69   668.47   344.82
     0.00   -18.00    10.19   -85.52   123.28    -8.00    -6.78    -1.50    -0.29     0.78     0.00   -17.65   668.47   306.73
     0.00   -20.00    11.25   -85.71   124.07    -8.00    -6.60    -1.50    -0.16     0.87     0.00   -19.62   668.47   269.14
     0.00   -22.00    12.28   -85.90   124.86    -8.00    -6.41    -1.50    -0.03     0.95     0.00   -21.59   668.47   232.03
     0.00   -24.00    13.31   -86.08   125.65    -8.00    -6.22    -1.50     0.10     1.04     0.00   -23.56   668.47   195.39
     0.00   -26.00    14.31   -86.26   126.45    -8.00    -6.01    -1.50     0.23     1.13     0.00   -25.53   668.47   159.18
     0.00   -28.00    15.31   -86.44   127.25    -8.00    -5.80    -1.50     0.35     1.22     0.00   -27.50   668.47   123.38
     0.00   -30.00    16.29   -86.62   128.05    -8.00    -5.57    -1.50     0.48     1.30     0.00   -29.48   668.47    87.95
     0.00   -32.00    17.25   -86.79   128.86    -8.00    -5.34    -1.50     0.60     1.39     0.00   -31.45   668.47    52.84
     0.00   -34.00    18.20   -86.96   129.67    -8.00    -5.10    -1.50     0.72     1.48     0.00   -33.43   668.47    18.01
     0.00   -36.00    18.69   -87.05   130.09    -8.00    -4.98    -1.50     0.79     1.52     0.00   -34.45   668.47     0.00
     2.00     0.00     1.22   -83.47   115.55    -8.09    -8.00    -1.64    -1.50     0.09     1.96     0.00   711.19   668.47
     2.00     2.00     0.00   -83.26   114.79    -8.09    -8.09    -1.64    -1.64     0.00     1.96     1.96   711.19   711.19
     2.00     4.00    -1.24   -83.04   114.03    -8.09    -8.17    -1.64    -1.78    -0.09     1.96     3.91   711.19   754.33
     2.00     6.00    -2.49   -82.82   113.27    -8.09    -8.24    -1.64    -1.92    -0.17     1.96     5.86   711.19   797.84
     2.00     8.00    -3.76   -82.59   112.52    -8.09    -8.30    -1.64    -2.07    -0.26     1.96     7.81   711.19   841.67
     2.00    10.00    -5.06   -82.36   111.77    -8.09    -8.36    -1.64    -2.21    -0.35     1.96     9.76   711.19   885.74
     2.00    12.00    -6.37   -82.13   111.02    -8.09    -8.40    -1.64    -2.35    -0.43     1.96    11.71   711.19   929.96
     2.00    14.00    -7.70   -81.90   110.28    -8.09    -8.44    -1.64    -2.50    -0.52     1.96    13.66   711.19   974.22
     2.00    16.00    -9.06   -81.66   109.54    -8.09    -8.47    -1.64    -2.65    -0.60     1.96    15.61   711.19  1018.39
     2.00    18.00   -10.43   -81.41   108.80    -8.09    -8.50    -1.64    -2.80    -0.69     1.96    17.55   711.19  1062.29
     2.00    20.00   -11.83   -81.17   108.07    -8.09    -8.51    -1.64    -2.94    -0.78     1.96    19.50   711.19  1105.74
     2.00    22.00   -13.25   -80.91   107.34    -8.09    -8.52    -1.64    -3.09    -0.86     1.96    21.45   711.19  1148.49
     2.00    24.00   -14.69   -80.66   106.61    -8.09    -8.53    -1.64    -3.25    -0.95     1.96    23.39   711.19  1190.26
     2.00    26.00   -16.15   -80.40   105.89    -8.09    -8.54    -1.64    -3.40    -1.04     1.96    25.34   711.19  1230.68
     2.00    28.00   -17.64   -80.14   105.17    -8.09    -8.54    -1.64    -3.55    -1.12     1.96    27.29   711.19  1269.34
     2.00    30.00   -19.16   -79.87   104.45    -8.09    -8.55    -1.64    -3.71    -1.21     1.96    29.23   711.19  1305.70
     2.00    32.00   -20.70   -79.59   103.74    -8.09    -8.55    -1.64    -3.86    -1.30     1.96    31.18   711.19  1339.10
     2.00    34.00   -22.27   -79.32   103.03    -8.09    -8.57    -1.64    -4.02    -1.38     1.96    33.14   711.19  1368.75
     2.00    36.00   -23.87   -79.03   102.32    -8.09    -8.60    -1.64    -4.18    -1.47     1.96    35.09   711.19  1393.61
     2.00    38.00   -25.50   -78.74   101.61    -8.09    -8.64    -1.64    -4.34    -1.56     1.96    37.06   711.19  1412.41
     2.00     0.00     1.22   -83.47   115.55    -8.09    -8.00    -1.64    -1.50     0.09     1.96     0.00   711.19   668.47
     2.00    -2.00     2.42   -83.69   116.31    -8.09    -7.90    -1.64    -1.36     0.17     1.96    -1.96   711.19   626.21
     2.00    -4.00     3.60   -83.90   117.08    -8.09    -7.79    -1.64    -1.22     0.26     1.96    -3.91   711.19   584.44
     2.00    -6.00     4.76   -84.10   117.85    -8.09    -7.68    -1.64    -1.09     0.35     1.96    -5.87   711.19   543.18
     2.00    -8.00     5.91   -84.31   118.63    -8.09    -7.55    -1.64    -0.95     0.43     1.96    -7.83   711.19   502.44
     2.00   -10.00     7.04   -84.51   119.41    -8.09    -7.41    -1.64    -0.82     0.52     1.96    -9.80   711.19   462.24
     2.00   -12.00     8.16   -84.70   120.19    -8.09    -7.27    -1.64    -0.68     0.61     1.96   -11.76   711.19   422.57
     2.00   -14.00     9.26   -84.90   120.97    -8.09    -7.12    -1.64    -0.55     0.69     1.96   -13.72   711.19   383.43
     2.00   -16.00    10.34   -85.09   121.76    -8.09    -6.95    -1.64    -0.42     0.78     1.96   -15.69   711.19   344.82
     2.00   -18.00    11.41   -85.28   122.54    -8.09    -6.78    -1.64    -0.29     0.87     1.96   -17.65   711.19   306.73
     2.00   -20.00    12.46   -85.46   123.34    -8.09    -6.60    -1.64    -0.16     0.95     1.96   -19.62   711.19   269.14
     2.00   -22.00    13.49   -85.65   124.13    -8.09    -6.41    -1.64    -0.03     1.04     1.96   -21.59   711.19   232.03
     2.00   -24.00    14.51   -85.83   124.93    -8.09    -6.22    -1.64     0.10     1.13     1.96   -23.56   711.19   195.39
     2.00   -26.00    15.52   -86.01   125.73    -8.09    -6.01    -1.64     0.23     1.21     1.96   -25.53   711.19   159.18
     2.00   -28.00    16.51   -86.18   126.53    -8.09    -5.80    -1.64     0.35     1.30     1.96   -27.50   711.19   123.38
     2.00   -30.00    17.49   -86.36   127.34    -8.09    -5.57    -1.64     0.48     1.39     1.96   -29.48   711.19    87.95
     2.00   -32.00    18.45   -86.53   128.14    -8.09    -5.34    -1.64     0.60     1.48     1.96   -31.45   711.19    52.84
     2.00   -34.00    19.40   -86.69   128.95    -8.09    -5.10    -1.64     0.72     1.56     1.96   -33.43   711.19    18.01
     2.00   -36.00    19.89   -86.78   129.38    -8.09    -4.98    -1.64     0.79     1.61     1.96   -34.45   711.19     0.00
     4.00     0.00     2.45   -83.25   114.79    -8.17    -8.00    -1.78    -1.50     0.17     3.91     0.00   754.33   668.47
     4.00     2.00     1.24   -83.04   114.03    -8.17    -8.09    -1.78    -1.64     0.09     3.91     1.96   754.33   711.19
     4.00     4.00     0.00   -82.82   113.26    -8.17    -8.17    -1.78    -1.78     0.00     3.91     3.91   754.33   754.33
     4.00     6.00    -1.25   -82.61   112.50    -8.17    -8.24    -1.78    -1.92    -0.09     3.91     5.86   754.33   797.84
     4.00     8.00    -2.53   -82.38   111.75    -8.17    -8.30    -1.78    -2.07    -0.17     3.91     7.81   754.33   841.67
     4.00    10.00    -3.82   -82.16   111.00    -8.17    -8.36    -1.78    -2.21    -0.26     3.91     9.76   754.33   885.74
     4.00    12.00    -5.14   -81.93   110.25    -8.17    -8.40    -1.78    -2.35    -0.35     3.91    11.71   754.33   929.96
     4.00    14.00    -6.47   -81.69   109.50    -8.17    -8.44    -1.78    -2.50    -0.43     3.91    13.66   754.33   974.22
     4.00    16.00    -7.82   -81.46   108.76    -8.17    -8.47    -1.78    -2.65    -0.52     3.91    15.61   754.33  1018.39
     4.00    18.00    -9.20   -81.22   108.02    -8.17    -8.50    -1.78    -2.80    -0.60     3.91    17.55   754.33  1062.29
     4.00    20.00   -10.60   -80.97   107.28    -8.17    -8.51    -1.78    -2.94    -0.69     3.91    19.50   754.33  1105.74
     4.00    22.00   -12.02   -80.73   106.55    -8.17    -8.52    -1.78    -3.09    -0.78     3.91    21.45   754.33  1148.49
     4.00    24.00   -13.46   -80.47   105.82    -8.17    -8.53    -1.78    -3.25    -0.86     3.91    23.39   754.33  1190.26
     4.00    26.00   -14.93   -80.22   105.09    -8.17    -8.54    -1.78    -3.40    -0.95     3.91    25.34   754.33  1230.68
     4.00    28.00   -16.42   -79.96   104.37    -8.17    -8.54    -1.78    -3.55    -1.04     3.91    27.29   754.33  1269.34
     4.00    30.00   -17.94   -79.69   103.65    -8.17    -8.55    -1.78    -3.71    -1.12     3.91    29.23   754.33  1305.70
     4.00    32.00   -19.48   -79.42   102.93    -8.17    -8.55    -1.78    -3.86    -1.21     3.91    31.18   754.33  1339.10
     4.00    34.00   -21.06   -79.15   102.22    -8.17    -8.57    -1.78    -4.02    -1.30     3.91    33.14   754.33  1368.75
     4.00    36.00   -22.66   -78.87   101.50    -8.17    -8.60    -1.78    -4.18    -1.38     3.91    35.09   754.33  1393.61
     4.00    38.00   -24.29   -78.58   100.79    -8.17    -8.64    -1.78    -4.34    -1.47     3.91    37.06   754.33  1412.41
     4.00     0.00     2.45   -83.25   114.79    -8.17    -8.00    -1.78    -1.50     0.17     3.91     0.00   754.33   668.47
     4.00    -2.00     3.65   -83.46   115.56    -8.17    -7.90    -1.78    -1.36     0.26     3.91    -1.96   754.33   626.21
     4.00    -4.00     4.84   -83.67   116.33    -8.17    -7.79    -1.78    -1.22     0.35     3.91    -3.91   754.33   584.44
     4.00    -6.00     6.00   -83.87   117.11    -8.17    -7.68    -1.78    -1.09     0.43     3.91    -5.87   754.33   543.18
     4.00    -8.00     7.15   -84.07   117.88    -8.17    -7.55    -1.78    -0.95     0.52     3.91    -7.83   754.33   502.44
     4.00   -10.00     8.28   -84.27   118.66    -8.17    -7.41    -1.78    -0.82     0.61     3.91    -9.80   754.33   462.24
     4.00   -12.00     9.39   -84.46   119.45    -8.17    -7.27    -1.78    -0.68     0.69     3.91   -11.76   754.33   422.57
     4.00   -14.00    10.49   -84.66   120.23    -8.17    -7.12    -1.78    -0.55     0.78     3.91   -13.72   754.33   383.43
     4.00   -16.00    11.57   -84.84   121.02    -8.17    -6.95    -1.78    -0.42     0.87     3.91   -15.69   754.33   344.82
     4.00   -18.00    12.64   -85.03   121.81    -8.17    -6.78    -1.78    -0.29     0.95     3.91   -17.65   754.33   306.73
     4.00   -20.00    13.69   -85.21   122.61    -8.17    -6.60    -1.78    -0.16     1.04     3.91   -19.62   754.33   269.14
     4.00   -22.00    14.72   -85.39   123.41    -8.17    -6.41    -1.78    -0.03     1.13     3.91   -21.59   754.33   232.03
     4.00   -24.00    15.74   -85.57   124.21    -8.17    -6.22    -1.78     0.10     1.21     3.91   -23.56   754.33   195.39
     4.00   -26.00    16.74   -85.75   125.01    -8.17    -6.01    -1.78     0.23     1.30     3.91   -25.53   754.33   159.18
     4.00   -28.00    17.73   -85.92   125.82    -8.17    -5.80    -1.78     0.35     1.39     3.91   -27.50   754.33   123.38
     4.00   -30.00    18.71   -86.09   126.62    -8.17    -5.57    -1.78     0.48     1.48     3.91   -29.48   754.33    87.95
     4.00   -32.00    19.67   -86.26   127.43    -8.17    -5.34    -1.78     0.60     1.56     3.91   -31.45   754.33    52.84
     4.00   -34.00    20.62   -86.42   128.25    -8.17    -5.10    -1.78     0.72     1.65     3.91   -33.43   754.33    18.01
     4.00   -36.00    21.11   -86.51   128.67    -8.17    -4.98    -1.78     0.79     1.70     3.91   -34.45   754.33     0.00
     6.00     0.00     3.71   -83.03   114.04    -8.24    -8.00    -1.92    -1.50     0.26     5.86     0.00   797.84   668.47
     6.00     2.00     2.49   -82.82   113.27    -8.24    -8.09    -1.92    -1.64     0.17     5.86     1.96   797.84   711.19
     6.00     4.00     1.25   -82.61   112.50    -8.24    -8.17    -1.92    -1.78     0.09     5.86     3.91   797.84   754.33
     6.00     6.00     0.00   -82.39   111.74    -8.24    -8.24    -1.92    -1.92     0.00     5.86     5.86   797.84   797.84
     6.00     8.00    -1.27   -82.17   110.98    -8.24    -8.30    -1.92    -2.07    -0.09     5.86     7.81   797.84   841.67
     6.00    10.00    -2.57   -81.95   110.23    -8.24    -8.36    -1.92    -2.21    -0.17     5.86     9.76   797.84   885.74
     6.00    12.00    -3.88   -81.72   109.48    -8.24    -8.40    -1.92    -2.35    -0.26     5.86    11.71   797.84   929.96
     6.00    14.00    -5.22   -81.49   108.73    -8.24    -8.44    -1.92    -2.50    -0.35     5.86    13.66   797.84   974.22
     6.00    16.00    -6.57   -81.26   107.98    -8.24    -8.47    -1.92    -2.65    -0.43     5.86    15.61   797.84  1018.39
     6.00    18.00    -7.95   -81.02   107.24    -8.24    -8.50    -1.92    -2.80    -0.52     5.86    17.55   797.84  1062.29
     6.00    20.00    -9.35   -80.78   106.50    -8.24    -8.51    -1.92    -2.94    -0.60     5.86    19.50   797.84  1105.74
     6.00    22.00   -10.77   -80.54   105.76    -8.24    -8.52    -1.92    -3.09    -0.69     5.86    21.45   797.84  1148.49
     6.00    24.00   -12.21   -80.29   105.03    -8.24    -8.53    -1.92    -3.25    -0.78     5.86    23.39   797.84  1190.26
     6.00    26.00   -13.68   -80.03   104.30    -8.24    -8.54    -1.92    -3.40    -0.86     5.86    25.34   797.84  1230.68
     6.00    28.00   -15.18   -79.78   103.57    -8.24    -8.54    -1.92    -3.55    -0.95     5.86    27.29   797.84  1269.34
     6.00    30.00   -16.70   -79.51   102.85    -8.24    -8.55    -1.92    -3.71    -1.04     5.86    29.23   797.84  1305.70
     6.00    32.00   -18.24   -79.25   102.13    -8.24    -8.55    -1.92    -3.86    -1.12     5.86    31.18   797.84  1339.10
     6.00    34.00   -19.82   -78.98   101.41    -8.24    -8.57    -1.92    -4.02    -1.21     5.86    33.14   797.84  1368.75
     6.00    36.00   -21.42   -78.70   100.69    -8.24    -8.60    -1.92    -4.18    -1.30     5.86    35.09   797.84  1393.61
     6.00    38.00   -23.06   -78.42    99.98    -8.24    -8.64    -1.92    -4.34    -1.38     5.86    37.06   797.84  1412.41
     6.00     0.00     3.71   -83.03   114.04    -8.24    -8.00    -1.92    -1.50     0.26     5.86     0.00   797.84   668.47
     6.00    -2.00     4.91   -83.23   114.81    -8.24    -7.90    -1.92    -1.36     0.35     5.86    -1.96   797.84   626.21
     6.00    -4.00     6.09   -83.44   115.58    -8.24    -7.79    -1.92    -1.22     0.43     5.86    -3.91   797.84   584.44
     6.00    -6.00     7.25   -83.64   116.36    -8.24    -7.68    -1.92    -1.09     0.52     5.86    -5.87   797.84   543.18
     6.00    -8.00     8.40   -83.84   117.14    -8.24    -7.55    -1.92    -0.95     0.61     5.86    -7.83   797.84   502.44
     6.00   -10.00     9.53   -84.03   117.93    -8.24    -7.41    -1.92    -0.82     0.69     5.86    -9.80   797.84   462.24
     6.00   -12.00    10.64   -84.22   118.71    -8.24    -7.27    -1.92    -0.68     0.78     5.86   -11.76   797.84   422.57
     6.00   -14.00    11.74   -84.41   119.50    -8.24    -7.12    -1.92    -0.55     0.87     5.86   -13.72   797.84   383.43
     6.00   -16.00    12.82   -84.60   120.29    -8.24    -6.95    -1.92    -0.42     0.95     5.86   -15.69   797.84   344.82
     6.00   -18.00    13.88   -84.78   121.09    -8.24    -6.78    -1.92    -0.29     1.04     5.86   -17.65   797.84   306.73
     6.00   -20.00    14.93   -84.96   121.89    -8.24    -6.60    -1.92    -0.16     1.13     5.86   -19.62   797.84   269.14
     6.00   -22.00    15.96   -85.14   122.69    -8.24    -6.41    -1.92    -0.03     1.21     5.86   -21.59   797.84   232.03
     6.00   -24.00    16.98   -85.31   123.49    -8.24    -6.22    -1.92     0.10     1.30     5.86   -23.56   797.84   195.39
     6.00   -26.00    17.98   -85.49   124.29    -8.24    -6.01    -1.92     0.23     1.39     5.86   -25.53   797.84   159.18
     6.00   -28.00    18.97   -85.66   125.10    -8.24    -5.80    -1.92     0.35     1.47     5.86   -27.50   797.84   123.38
     6.00   -30.00    19.95   -85.82   125.91    -8.24    -5.57    -1.92     0.48     1.56     5.86   -29.48   797.84    87.95
     6.00   -32.00    20.91   -85.99   126.73    -8.24    -5.34    -1.92     0.60     1.65     5.86   -31.45   797.84    52.84
     6.00   -34.00    21.85   -86.15   127.54    -8.24    -5.10    -1.92     0.72     1.74     5.86   -33.43   797.84    18.01
     6.00   -36.00    22.34   -86.23   127.97    -8.24    -4.98    -1.92     0.79     1.78     5.86   -34.45   797.84     0.00
     8.00     0.00     4.98   -82.80   113.29    -8.30    -8.00    -2.07    -1.50     0.35     7.81     0.00   841.67   668.47
     8.00     2.00     3.76   -82.59   112.52    -8.30    -8.09    -2.07    -1.64     0.26     7.81     1.96   841.67   711.19
     8.00     4.00     2.53   -82.38   111.75    -8.30    -8.17    -2.07    -1.78     0.17     7.81     3.91   841.67   754.33
     8.00     6.00     1.27   -82.17   110.98    -8.30    -8.24    -2.07    -1.92     0.09     7.81     5.86   841.67   797.84
     8.00     8.00     0.00   -81.95   110.22    -8.30    -8.30    -2.07    -2.07     0.00     7.81     7.81   841.67   841.67
     8.00    10.00    -1.29   -81.73   109.46    -8.30    -8.36    -2.07    -2.21    -0.09     7.81     9.76   841.67   885.74
     8.00    12.00    -2.61   -81.51   108.71    -8.30    -8.40    -2.07    -2.35    -0.17     7.81    11.71   841.67   929.96
     8.00    14.00    -3.94   -81.28   107.96    -8.30    -8.44    -2.07    -2.50    -0.26     7.81    13.66   841.67   974.22
     8.00    16.00    -5.30   -81.05   107.21    -8.30    -8.47    -2.07    -2.65    -0.35     7.81    15.61   841.67  1018.39
     8.00    18.00    -6.68   -80.82   106.46    -8.30    -8.50    -2.07    -2.80    -0.43     7.81    17.55   841.67  1062.29
     8.00    20.00    -8.08   -80.58   105.72    -8.30    -8.51    -2.07    -2.94    -0.52     7.81    19.50   841.67  1105.74
     8.00    22.00    -9.50   -80.34   104.98    -8.30    -8.52    -2.07    -3.09    -0.60     7.81    21.45   841.67  1148.49
     8.00    24.00   -10.95   -80.10   104.24    -8.30    -8.53    -2.07    -3.25    -0.69     7.81    23.39   841.67  1190.26
     8.00    26.00   -12.42   -79.85   103.51    -8.30    -8.54    -2.07    -3.40    -0.78     7.81    25.34   841.67  1230.68
     8.00    28.00   -13.91   -79.59   102.78    -8.30    -8.54    -2.07    -3.55    -0.86     7.81    27.29   841.67  1269.34
     8.00    30.00   -15.43   -79.33   102.05    -8.30    -8.55    -2.07    -3.71    -0.95     7.81    29.23   841.67  1305.70
     8.00    32.00   -16.98   -79.07   101.33    -8.30    -8.55    -2.07    -3.86    -1.04     7.81    31.18   841.67  1339.10
     8.00    34.00   -18.56   -78.80   100.61    -8.30    -8.57    -2.07    -4.02    -1.12     7.81    33.14   841.67  1368.75
     8.00    36.00   -20.17   -78.53    99.89    -8.30    -8.60    -2.07    -4.18    -1.21     7.81    35.09   841.67  1393.61
     8.00    38.00   -21.81   -78.25    99.17    -8.30    -8.64    -2.07    -4.34    -1.30     7.81    37.06   841.67  1412.41
     8.00     0.00     4.98   -82.80   113.29    -8.30    -8.00    -2.07    -1.50     0.35     7.81     0.00   841.67   668.47
     8.00    -2.00     6.18   -83.00   114.06    -8.30    -7.90    -2.07    -1.36     0.43     7.81    -1.96   841.67   626.21
     8.00    -4.00     7.36   -83.20   114.84    -8.30    -7.79    -2.07    -1.22     0.52     7.81    -3.91   841.67   584.44
     8.00    -6.00     8.52   -83.40   115.62    -8.30    -7.68    -2.07    -1.09     0.61     7.81    -5.87   841.67   543.18
     8.00    -8.00     9.67   -83.59   116.40    -8.30    -7.55    -2.07    -0.95     0.69     7.81    -7.83   841.67   502.44
     8.00   -10.00    10.80   -83.79   117.19    -8.30    -7.41    -2.07    -0.82     0.78     7.81    -9.80   841.67   462.24
     8.00   -12.00    11.91   -83.98   117.98    -8.30    -7.27    -2.07    -0.68     0.87     7.81   -11.76   841.67   422.57
     8.00   -14.00    13.00   -84.16   118.77    -8.30    -7.12    -2.07    -0.55     0.95     7.81   -13.72   841.67   383.43
     8.00   -16.00    14.08   -84.34   119.57    -8.30    -6.95    -2.07    -0.42     1.04     7.81   -15.69   841.67   344.82
     8.00   -18.00    15.15   -84.52   120.36    -8.30    -6.78    -2.07    -0.29     1.13     7.81   -17.65   841.67   306.73
     8.00   -20.00    16.19   -84.70   121.17    -8.30    -6.60    -2.07    -0.16     1.21     7.81   -19.62   841.67   269.14
     8.00   -22.00    17.22   -84.88   121.97    -8.30    -6.41    -2.07    -0.03     1.30     7.81   -21.59   841.67   232.03
     8.00   -24.00    18.24   -85.05   122.77    -8.30    -6.22    -2.07     0.10     1.39     7.81   -23.56   841.67   195.39
     8.00   -26.00    19.24   -85.22   123.58    -8.30    -6.01    -2.07     0.23     1.47     7.81   -25.53   841.67   159.18
     8.00   -28.00    20.23   -85.39   124.39    -8.30    -5.80    -2.07     0.35     1.56     7.81   -27.50   841.67   123.38
     8.00   -30.00    21.20   -85.55   125.21    -8.30    -5.57    -2.07     0.48     1.65     7.81   -29.48   841.67    87.95
     8.00   -32.00    22.16   -85.71   126.02    -8.30    -5.34    -2.07     0.60     1.74     7.81   -31.45   841.67    52.84
     8.00   -34.00    23.10   -85.87   126.84    -8.30    -5.10    -2.07     0.72     1.82     7.81   -33.43   841.67    18.01
     8.00   -36.00    23.58   -85.96   127.27    -8.30    -4.98    -2.07     0.79     1.87     7.81   -34.45   841.67     0.00
    10.00     0.00     6.27   -82.57   112.54    -8.36    -8.00    -2.21    -1.50     0.43     9.76     0.00   885.74   668.47
    10.00     2.00     5.06   -82.36   111.77    -8.36    -8.09    -2.21    -1.64     0.35     9.76     1.96   885.74   711.19
    10.00     4.00     3.82   -82.16   111.00    -8.36    -8.17    -2.21    -1.78     0.26     9.76     3.91   885.74   754.33
    10.00     6.00     2.57   -81.95   110.23    -8.36    -8.24    -2.21    -1.92     0.17     9.76     5.86   885.74   797.84
    10.00     8.00     1.29   -81.73   109.46    -8.36    -8.30    -2.21    -2.07     0.09     9.76     7.81   885.74   841.67
    10.00    10.00     0.00   -81.52   108.70    -8.36    -8.36    -2.21    -2.21     0.00     9.76     9.76   885.74   885.74
    10.00    12.00    -1.31   -81.30   107.94    -8.36    -8.40    -2.21    -2.35    -0.09     9.76    11.71   885.74   929.96
    10.00    14.00    -2.65   -81.07   107.19    -8.36    -8.44    -2.21    -2.50    -0.17     9.76    13.66   885.74   974.22
    10.00    16.00    -4.01   -80.85   106.44    -8.36    -8.47    -2.21    -2.65    -0.26     9.76    15.61   885.74  1018.39
    10.00    18.00    -5.38   -80.62   105.69    -8.36    -8.50    -2.21    -2.80    -0.35     9.76    17.55   885.74  1062.29
    10.00    20.00    -6.79   -80.38   104.94    -8.36    -8.51    -2.21    -2.94    -0.43     9.76    19.50   885.74  1105.74
    10.00    22.00    -8.21   -80.14   104.20    -8.36    -8.52    -2.21    -3.09    -0.52     9.76    21.45   885.74  1148.49
    10.00    24.00    -9.66   -79.90   103.46    -8.36    -8.53    -2.21    -3.25    -0.60     9.76    23.39   885.74  1190.26
    10.00    26.00   -11.13   -79.66   102.72    -8.36    -8.54    -2.21    -3.40    -0.69     9.76    25.34   885.74  1230.68
    10.00    28.00   -12.63   -79.40   101.99    -8.36    -8.54    -2.21    -3.55    -0.78     9.76    27.29   885.74  1269.34
    10.00    30.00   -14.15   -79.15   101.26    -8.36    -8.55    -2.21    -3.71    -0.86     9.76    29.23   885.74  1305.70
    10.00    32.00   -15.70   -78.89   100.53    -8.36    -8.55    -2.21    -3.86    -0.95     9.76    31.18   885.74  1339.10
    10.00    34.00   -17.28   -78.63    99.80    -8.36    -8.57    -2.21    -4.02    -1.04     9.76    33.14   885.74  1368.75
    10.00    36.00   -18.89   -78.36    99.08    -8.36    -8.60    -2.21    -4.18    -1.12     9.76    35.09   885.74  1393.61
    10.00    38.00   -20.54   -78.08    98.36    -8.36    -8.64    -2.21    -4.34    -1.21     9.76    37.06   885.74  1412.41
    10.00     0.00     6.27   -82.57   112.54    -8.36    -8.00    -2.21    -1.50     0.43     9.76     0.00   885.74   668.47
    10.00    -2.00     7.47   -82.77   113.32    -8.36    -7.90    -2.21    -1.36     0.52     9.76    -1.96   885.74   626.21
    10.00    -4.00     8.65   -82.97   114.10    -8.36    -7.79    -2.21    -1.22     0.60     9.76    -3.91   885.74   584.44
    10.00    -6.00     9.81   -83.16   114.88    -8.36    -7.68    -2.21    -1.09     0.69     9.76    -5.87   885.74   543.18
    10.00    -8.00    10.96   -83.35   115.67    -8.36    -7.55    -2.21    -0.95     0.78     9.76    -7.83   885.74   502.44
    10.00   -10.00    12.08   -83.54   116.46    -8.36    -7.41    -2.21    -0.82     0.86     9.76    -9.80   885.74   462.24
    10.00   -12.00    13.20   -83.73   117.25    -8.36    -7.27    -2.21    -0.68     0.95     9.76   -11.76   885.74   422.57
    10.00   -14.00    14.29   -83.91   118.05    -8.36    -7.12    -2.21    -0.55     1.04     9.76   -13.72   885.74   383.43
    10.00   -16.00    15.37   -84.09   118.84    -8.36    -6.95    -2.21    -0.42     1.13     9.76   -15.69   885.74   344.82
    10.00   -18.00    16.43   -84.27   119.64    -8.36    -6.78    -2.21    -0.29     1.21     9.76   -17.65   885.74   306.73
    10.00   -20.00    17.47   -84.44   120.45    -8.36    -6.60    -2.21    -0.16     1.30     9.76   -19.62   885.74   269.14
    10.00   -22.00    18.50   -84.61   121.25    -8.36    -6.41    -2.21    -0.03     1.39     9.76   -21.59   885.74   232.03
    10.00   -24.00    19.52   -84.78   122.06    -8.36    -6.22    -2.21     0.10     1.47     9.76   -23.56   885.74   195.39
    10.00   -26.00    20.51   -84.95   122.87    -8.36    -6.01    -2.21     0.23     1.56     9.76   -25.53   885.74   159.18
    10.00   -28.00    21.50   -85.11   123.69    -8.36    -5.80    -2.21     0.35     1.65     9.76   -27.50   885.74   123.38
    10.00   -30.00    22.47   -85.28   124.50    -8.36    -5.57    -2.21     0.48     1.73     9.76   -29.48   885.74    87.95
    10.00   -32.00    23.42   -85.44   125.32    -8.36    -5.34    -2.21     0.60     1.82     9.76   -31.45   885.74    52.84
    10.00   -34.00    24.36   -85.59   126.14    -8.36    -5.10    -2.21     0.72     1.91     9.76   -33.43   885.74    18.01
    10.00   -36.00    24.85   -85.67   126.57    -8.36    -4.98    -2.21     0.79     1.95     9.76   -34.45   885.74     0.00
    12.00     0.00     7.59   -82.33   111.80    -8.40    -8.00    -2.35    -1.50     0.52    11.71     0.00   929.96   668.47
    12.00     2.00     6.37   -82.13   111.02    -8.40    -8.09    -2.35    -1.64     0.43    11.71     1.96   929.96   711.19
    12.00     4.00     5.14   -81.93   110.25    -8.40    -8.17    -2.35    -1.78     0.35    11.71     3.91   929.96   754.33
    12.00     6.00     3.88   -81.72   109.48    -8.40    -8.24    -2.35    -1.92     0.26    11.71     5.86   929.96   797.84
    12.00     8.00     2.61   -81.51   108.71    -8.40    -8.30    -2.35    -2.07     0.17    11.71     7.81   929.96   841.67
    12.00    10.00     1.31   -81.30   107.94    -8.40    -8.36    -2.35    -2.21     0.09    11.71     9.76   929.96   885.74
    12.00    12.00     0.00   -81.08   107.18    -8.40    -8.40    -2.35    -2.35     0.00    11.71    11.71   929.96   929.96
    12.00    14.00    -1.34   -80.86   106.42    -8.40    -8.44    -2.35    -2.50    -0.09    11.71    13.66   929.96   974.22
    12.00    16.00    -2.69   -80.64   105.67    -8.40    -8.47    -2.35    -2.65    -0.17    11.71    15.61   929.96  1018.39
    12.00    18.00    -4.07   -80.41   104.91    -8.40    -8.50    -2.35    -2.80    -0.26    11.71    17.55   929.96  1062.29
    12.00    20.00    -5.47   -80.18   104.17    -8.40    -8.51    -2.35    -2.94    -0.35    11.71    19.50   929.96  1105.74
    12.00    22.00    -6.90   -79.94   103.42    -8.40    -8.52    -2.35    -3.09    -0.43    11.71    21.45   929.96  1148.49
    12.00    24.00    -8.35   -79.70   102.68    -8.40    -8.53    -2.35    -3.25    -0.52    11.71    23.39   929.96  1190.26
    12.00    26.00    -9.82   -79.46   101.94    -8.40    -8.54    -2.35    -3.40    -0.60    11.71    25.34   929.96  1230.68
    12.00    28.00   -11.32   -79.21   101.20    -8.40    -8.54    -2.35    -3.55    -0.69    11.71    27.29   929.96  1269.34
    12.00    30.00   -12.84   -78.96   100.47    -8.40    -8.55    -2.35    -3.71    -0.78    11.71    29.23   929.96  1305.70
    12.00    32.00   -14.40   -78.71    99.73    -8.40    -8.55    -2.35    -3.86    -0.86    11.71    31.18   929.96  1339.10
    12.00    34.00   -15.98   -78.45    99.01    -8.40    -8.57    -2.35    -4.02    -0.95    11.71    33.14   929.96  1368.75
    12.00    36.00   -17.59   -78.18    98.28    -8.40    -8.60    -2.35    -4.18    -1.04    11.71    35.09   929.96  1393.61
    12.00    38.00   -19.24   -77.91    97.55    -8.40    -8.64    -2.35    -4.34    -1.12    11.71    37.06   929.96  1412.41
    12.00     0.00     7.59   -82.33   111.80    -8.40    -8.00    -2.35    -1.50     0.52    11.71     0.00   929.96   668.47
    12.00    -2.00     8.78   -82.53   112.58    -8.40    -7.90    -2.35    -1.36     0.60    11.71    -1.96   929.96   626.21
    12.00    -4.00     9.96   -82.72   113.36    -8.40    -7.79    -2.35    -1.22     0.69    11.71    -3.91   929.96   584.44
    12.00    -6.00    11.12   -82.91   114.15    -8.40    -7.68    -2.35    -1.09     0.78    11.71    -5.87   929.96   543.18
    12.00    -8.00    12.27   -83.10   114.94    -8.40    -7.55    -2.35    -0.95     0.86    11.71    -7.83   929.96   502.44
    12.00   -10.00    13.39   -83.29   115.73    -8.40    -7.41    -2.35    -0.82     0.95    11.71    -9.80   929.96   462.24
    12.00   -12.00    14.50   -83.47   116.53    -8.40    -7.27    -2.35    -0.68     1.04    11.71   -11.76   929.96   422.57
    12.00   -14.00    15.59   -83.65   117.32    -8.40    -7.12    -2.35    -0.55     1.12    11.71   -13.72   929.96   383.43
    12.00   -16.00    16.67   -83.83   118.13    -8.40    -6.95    -2.35    -0.42     1.21    11.71   -15.69   929.96   344.82
    12.00   -18.00    17.73   -84.00   118.93    -8.40    -6.78    -2.35    -0.29     1.30    11.71   -17.65   929.96   306.73
    12.00   -20.00    18.77   -84.18   119.73    -8.40    -6.60    -2.35    -0.16     1.39    11.71   -19.62   929.96   269.14
    12.00   -22.00    19.80   -84.35   120.54    -8.40    -6.41    -2.35    -0.03     1.47    11.71   -21.59   929.96   232.03
    12.00   -24.00    20.81   -84.51   121.35    -8.40    -6.22    -2.35     0.10     1.56    11.71   -23.56   929.96   195.39
    12.00   -26.00    21.81   -84.68   122.17    -8.40    -6.01    -2.35     0.23     1.65    11.71   -25.53   929.96   159.18
    12.00   -28.00    22.79   -84.84   122.98    -8.40    -5.80    -2.35     0.35     1.73    11.71   -27.50   929.96   123.38
    12.00   -30.00    23.75   -85.00   123.80    -8.40    -5.57    -2.35     0.48     1.82    11.71   -29.48   929.96    87.95
    12.00   -32.00    24.71   -85.15   124.62    -8.40    -5.34    -2.35     0.60     1.91    11.71   -31.45   929.96    52.84
    12.00   -34.00    25.65   -85.31   125.45    -8.40    -5.10    -2.35     0.72     2.00    11.71   -33.43   929.96    18.01
    12.00   -36.00    26.13   -85.39   125.88    -8.40    -4.98    -2.35     0.79     2.04    11.71   -34.45   929.96     0.00
    14.00     0.00     8.92   -82.09   111.06    -8.44    -8.00    -2.50    -1.50     0.60    13.66     0.00   974.22   668.47
    14.00     2.00     7.70   -81.90   110.28    -8.44    -8.09    -2.50    -1.64     0.52    13.66     1.96   974.22   711.19
    14.00     4.00     6.47   -81.69   109.50    -8.44    -8.17    -2.50    -1.78     0.43    13.66     3.91   974.22   754.33
    14.00     6.00     5.22   -81.49   108.73    -8.44    -8.24    -2.50    -1.92     0.35    13.66     5.86   974.22   797.84
    14.00     8.00     3.94   -81.28   107.96    -8.44    -8.30    -2.50    -2.07     0.26    13.66     7.81   974.22   841.67
    14.00    10.00     2.65   -81.07   107.19    -8.44    -8.36    -2.50    -2.21     0.17    13.66     9.76   974.22   885.74
    14.00    12.00     1.34   -80.86   106.42    -8.44    -8.40    -2.50    -2.35     0.09    13.66    11.71   974.22   929.96
    14.00    14.00     0.00   -80.64   105.66    -8.44    -8.44    -2.50    -2.50     0.00    13.66    13.66   974.22   974.22
    14.00    16.00    -1.36   -80.42   104.90    -8.44    -8.47    -2.50    -2.65    -0.09    13.66    15.61   974.22  1018.39
    14.00    18.00    -2.74   -80.20   104.15    -8.44    -8.50    -2.50    -2.80    -0.17    13.66    17.55   974.22  1062.29
    14.00    20.00    -4.14   -79.97   103.39    -8.44    -8.51    -2.50    -2.94    -0.26    13.66    19.50   974.22  1105.74
    14.00    22.00    -5.56   -79.74   102.64    -8.44    -8.52    -2.50    -3.09    -0.35    13.66    21.45   974.22  1148.49
    14.00    24.00    -7.01   -79.50   101.90    -8.44    -8.53    -2.50    -3.25    -0.43    13.66    23.39   974.22  1190.26
    14.00    26.00    -8.49   -79.26   101.16    -8.44    -8.54    -2.50    -3.40    -0.52    13.66    25.34   974.22  1230.68
    14.00    28.00    -9.99   -79.02   100.41    -8.44    -8.54    -2.50    -3.55    -0.60    13.66    27.29   974.22  1269.34
    14.00    30.00   -11.52   -78.77    99.68    -8.44    -8.55    -2.50    -3.71    -0.69    13.66    29.23   974.22  1305.70
    14.00    32.00   -13.07   -78.52    98.94    -8.44    -8.55    -2.50    -3.86    -0.78    13.66    31.18   974.22  1339.10
    14.00    34.00   -14.66   -78.26    98.21    -8.44    -8.57    -2.50    -4.02    -0.86    13.66    33.14   974.22  1368.75
    14.00    36.00   -16.27   -78.00    97.48    -8.44    -8.60    -2.50    -4.18    -0.95    13.66    35.09   974.22  1393.61
    14.00    38.00   -17.92   -77.73    96.75    -8.44    -8.64    -2.50    -4.34    -1.04    13.66    37.06   974.22  1412.41
    14.00     0.00     8.92   -82.09   111.06    -8.44    -8.00    -2.50    -1.50     0.60    13.66     0.00   974.22   668.47
    14.00    -2.00    10.11   -82.29   111.84    -8.44    -7.90    -2.50    -1.36     0.69    13.66    -1.96   974.22   626.21
    14.00    -4.00    11.29   -82.48   112.63    -8.44    -7.79    -2.50    -1.22     0.78    13.66    -3.91   974.22   584.44
    14.00    -6.00    12.45   -82.67   113.42    -8.44    -7.68    -2.50    -1.09     0.86    13.66    -5.87   974.22   543.18
    14.00    -8.00    13.59   -82.85   114.21    -8.44    -7.55    -2.50    -0.95     0.95    13.66    -7.83   974.22   502.44
    14.00   -10.00    14.72   -83.03   115.01    -8.44    -7.41    -2.50    -0.82     1.04    13.66    -9.80   974.22   462.24
    14.00   -12.00    15.82   -83.21   115.80    -8.44    -7.27    -2.50    -0.68     1.12    13.66   -11.76   974.22   422.57
    14.00   -14.00    16.91   -83.39   116.61    -8.44    -7.12    -2.50    -0.55     1.21    13.66   -13.72   974.22   383.43
    14.00   -16.00    17.99   -83.57   117.41    -8.44    -6.95    -2.50    -0.42     1.30    13.66   -15.69   974.22   344.82
    14.00   -18.00    19.04   -83.74   118.22    -8.44    -6.78    -2.50    -0.29     1.38    13.66   -17.65   974.22   306.73
    14.00   -20.00    20.09   -83.91   119.02    -8.44    -6.60    -2.50    -0.16     1.47    13.66   -19.62   974.22   269.14
    14.00   -22.00    21.11   -84.07   119.84    -8.44    -6.41    -2.50    -0.03     1.56    13.66   -21.59   974.22   232.03
    14.00   -24.00    22.12   -84.24   120.65    -8.44    -6.22    -2.50     0.10     1.65    13.66   -23.56   974.22   195.39
    14.00   -26.00    23.12   -84.40   121.47    -8.44    -6.01    -2.50     0.23     1.73    13.66   -25.53   974.22   159.18
    14.00   -28.00    24.09   -84.56   122.29    -8.44    -5.80    -2.50     0.35     1.82    13.66   -27.50   974.22   123.38
    14.00   -30.00    25.06   -84.72   123.11    -8.44    -5.57    -2.50     0.48     1.91    13.66   -29.48   974.22    87.95
    14.00   -32.00    26.01   -84.87   123.93    -8.44    -5.34    -2.50     0.60     1.99    13.66   -31.45   974.22    52.84
    14.00   -34.00    26.94   -85.02   124.76    -8.44    -5.10    -2.50     0.72     2.08    13.66   -33.43   974.22    18.01
    14.00   -36.00    27.43   -85.10   125.19    -8.44    -4.98    -2.50     0.79     2.13    13.66   -34.45   974.22     0.00
    16.00     0.00    10.27   -81.85   110.32    -8.47    -8.00    -2.65    -1.50     0.69    15.61     0.00  1018.39   668.47
    16.00     2.00     9.06   -81.66   109.54    -8.47    -8.09    -2.65    -1.64     0.60    15.61     1.96  1018.39   711.19
    16.00     4.00     7.82   -81.46   108.76    -8.47    -8.17    -2.65    -1.78     0.52    15.61     3.91  1018.39   754.33
    16.00     6.00     6.57   -81.26   107.98    -8.47    -8.24    -2.65    -1.92     0.43    15.61     5.86  1018.39   797.84
    16.00     8.00     5.30   -81.05   107.21    -8.47    -8.30    -2.65    -2.07     0.35    15.61     7.81  1018.39   841.67
    16.00    10.00     4.01   -80.85   106.44    -8.47    -8.36    -2.65    -2.21     0.26    15.61     9.76  1018.39   885.74
    16.00    12.00     2.69   -80.64   105.67    -8.47    -8.40    -2.65    -2.35     0.17    15.61    11.71  1018.39   929.96
    16.00    14.00     1.36   -80.42   104.90    -8.47    -8.44    -2.65    -2.50     0.09    15.61    13.66  1018.39   974.22
    16.00    16.00     0.00   -80.21   104.14    -8.47    -8.47    -2.65    -2.65     0.00    15.61    15.61  1018.39  1018.39
    16.00    18.00    -1.38   -79.99   103.38    -8.47    -8.50    -2.65    -2.80    -0.09    15.61    17.55  1018.39  1062.29
    16.00    20.00    -2.78   -79.76   102.63    -8.47    -8.51    -2.65    -2.94    -0.17    15.61    19.50  1018.39  1105.74
    16.00    22.00    -4.21   -79.53   101.87    -8.47    -8.52    -2.65    -3.09    -0.26    15.61    21.45  1018.39  1148.49
    16.00    24.00    -5.66   -79.30   101.12    -8.47    -8.53    -2.65    -3.25    -0.35    15.61    23.39  1018.39  1190.26
    16.00    26.00    -7.13   -79.06   100.38    -8.47    -8.54    -2.65    -3.40    -0.43    15.61    25.34  1018.39  1230.68
    16.00    28.00    -8.64   -78.82    99.63    -8.47    -8.54    -2.65    -3.55    -0.52    15.61    27.29  1018.39  1269.34
    16.00    30.00   -10.16   -78.58    98.89    -8.47    -8.55    -2.65    -3.71    -0.60    15.61    29.23  1018.39  1305.70
    16.00    32.00   -11.72   -78.33    98.15    -8.47    -8.55    -2.65    -3.86    -0.69    15.61    31.18  1018.39  1339.10
    16.00    34.00   -13.31   -78.08    97.42    -8.47    -8.57    -2.65    -4.02    -0.78    15.61    33.14  1018.39  1368.75
    16.00    36.00   -14.93   -77.82    96.68    -8.47    -8.60    -2.65    -4.18    -0.86    15.61    35.09  1018.39  1393.61
    16.00    38.00   -16.58   -77.55    95.95    -8.47    -8.64    -2.65    -4.34    -0.95    15.61    37.06  1018.39  1412.41
    16.00     0.00    10.27   -81.85   110.32    -8.47    -8.00    -2.65    -1.50     0.69    15.61     0.00  1018.39   668.47
    16.00    -2.00    11.47   -82.04   111.11    -8.47    -7.90    -2.65    -1.36     0.78    15.61    -1.96  1018.39   626.21
    16.00    -4.00    12.64   -82.23   111.90    -8.47    -7.79    -2.65    -1.22     0.86    15.61    -3.91  1018.39   584.44
    16.00    -6.00    13.80   -82.41   112.69    -8.47    -7.68    -2.65    -1.09     0.95    15.61    -5.87  1018.39   543.18
    16.00    -8.00    14.94   -82.60   113.49    -8.47    -7.55    -2.65    -0.95     1.04    15.61    -7.83  1018.39   502.44
    16.00   -10.00    16.06   -82.78   114.29    -8.47    -7.41    -2.65    -0.82     1.12    15.61    -9.80  1018.39   462.24
    16.00   -12.00    17.17   -82.95   115.09    -8.47    -7.27    -2.65    -0.68     1.21    15.61   -11.76  1018.39   422.57
    16.00   -14.00    18.26   -83.13   115.89    -8.47    -7.12    -2.65    -0.55     1.30    15.61   -13.72  1018.39   383.43
    16.00   -16.00    19.33   -83.30   116.70    -8.47    -6.95    -2.65    -0.42     1.38    15.61   -15.69  1018.39   344.82
    16.00   -18.00    20.38   -83.47   117.51    -8.47    -6.78    -2.65    -0.29     1.47    15.61   -17.65  1018.39   306.73
    16.00   -20.00    21.42   -83.63   118.32    -8.47    -6.60    -2.65    -0.16     1.56    15.61   -19.62  1018.39   269.14
    16.00   -22.00    22.44   -83.80   119.13    -8.47    -6.41    -2.65    -0.03     1.64    15.61   -21.59  1018.39   232.03
    16.00   -24.00    23.45   -83.96   119.95    -8.47    -6.22    -2.65     0.10     1.73    15.61   -23.56  1018.39   195.39
    16.00   -26.00    24.44   -84.12   120.77    -8.47    -6.01    -2.65     0.23     1.82    15.61   -25.53  1018.39   159.18
    16.00   -28.00    25.42   -84.27   121.59    -8.47    -5.80    -2.65     0.35     1.91    15.61   -27.50  1018.39   123.38
    16.00   -30.00    26.38   -84.43   122.41    -8.47    -5.57    -2.65     0.48     1.99    15.61   -29.48  1018.39    87.95
    16.00   -32.00    27.33   -84.58   123.24    -8.47    -5.34    -2.65     0.60     2.08    15.61   -31.45  1018.39    52.84
    16.00   -34.00    28.26   -84.73   124.07    -8.47    -5.10    -2.65     0.72     2.17    15.61   -33.43  1018.39    18.01
    16.00   -36.00    28.74   -84.81   124.50    -8.47    -4.98    -2.65     0.79     2.21    15.61   -34.45  1018.39     0.00
    18.00     0.00    11.64   -81.60   109.59    -8.50    -8.00    -2.80    -1.50     0.78    17.55     0.00  1062.29   668.47
    18.00     2.00    10.43   -81.41   108.80    -8.50    -8.09    -2.80    -1.64     0.69    17.55     1.96  1062.29   711.19
    18.00     4.00     9.20   -81.22   108.02    -8.50    -8.17    -2.80    -1.78     0.60    17.55     3.91  1062.29   754.33
    18.00     6.00     7.95   -81.02   107.24    -8.50    -8.24    -2.80    -1.92     0.52    17.55     5.86  1062.29   797.84
    18.00     8.00     6.68   -80.82   106.46    -8.50    -8.30    -2.80    -2.07     0.43    17.55     7.81  1062.29   841.67
    18.00    10.00     5.38   -80.62   105.69    -8.50    -8.36    -2.80    -2.21     0.35    17.55     9.76  1062.29   885.74
    18.00    12.00     4.07   -80.41   104.91    -8.50    -8.40    -2.80    -2.35     0.26    17.55    11.71  1062.29   929.96
    18.00    14.00     2.74   -80.20   104.15    -8.50    -8.44    -2.80    -2.50     0.17    17.55    13.66  1062.29   974.22
    18.00    16.00     1.38   -79.99   103.38    -8.50    -8.47    -2.80    -2.65     0.09    17.55    15.61  1062.29  1018.39
    18.00    18.00     0.00   -79.77   102.62    -8.50    -8.50    -2.80    -2.80     0.00    17.55    17.55  1062.29  1062.29
    18.00    20.00    -1.40   -79.55   101.86    -8.50    -8.51    -2.80    -2.94    -0.09    17.55    19.50  1062.29  1105.74
    18.00    22.00    -2.83   -79.32   101.10    -8.50    -8.52    -2.80    -3.09    -0.17    17.55    21.45  1062.29  1148.49
    18.00    24.00    -4.28   -79.09   100.35    -8.50    -8.53    -2.80    -3.25    -0.26    17.55    23.39  1062.29  1190.26
    18.00    26.00    -5.76   -78.86    99.60    -8.50    -8.54    -2.80    -3.40    -0.35    17.55    25.34  1062.29  1230.68
    18.00    28.00    -7.26   -78.62    98.85    -8.50    -8.54    -2.80    -3.55    -0.43    17.55    27.29  1062.29  1269.34
    18.00    30.00    -8.79   -78.38    98.11    -8.50    -8.55    -2.80    -3.71    -0.52    17.55    29.23  1062.29  1305.70
    18.00    32.00   -10.35   -78.14    97.37    -8.50    -8.55    -2.80    -3.86    -0.60    17.55    31.18  1062.29  1339.10
    18.00    34.00   -11.94   -77.89    96.63    -8.50    -8.57    -2.80    -4.02    -0.69    17.55    33.14  1062.29  1368.75
    18.00    36.00   -13.56   -77.63    95.89    -8.50    -8.60    -2.80    -4.18    -0.78    17.55    35.09  1062.29  1393.61
    18.00    38.00   -15.21   -77.37    95.15    -8.50    -8.64    -2.80    -4.34    -0.87    17.55    37.06  1062.29  1412.41
    18.00     0.00    11.64   -81.60   109.59    -8.50    -8.00    -2.80    -1.50     0.78    17.55     0.00  1062.29   668.47
    18.00    -2.00    12.84   -81.79   110.38    -8.50    -7.90    -2.80    -1.36     0.86    17.55    -1.96  1062.29   626.21
    18.00    -4.00    14.01   -81.98   111.17    -8.50    -7.79    -2.80    -1.22     0.95    17.55    -3.91  1062.29   584.44
    18.00    -6.00    15.17   -82.16   111.97    -8.50    -7.68    -2.80    -1.09     1.04    17.55    -5.87  1062.29   543.18
    18.00    -8.00    16.31   -82.34   112.77    -8.50    -7.55    -2.80    -0.95     1.12    17.55    -7.83  1062.29   502.44
    18.00   -10.00    17.43   -82.51   113.57    -8.50    -7.41    -2.80    -0.82     1.21    17.55    -9.80  1062.29   462.24
    18.00   -12.00    18.53   -82.69   114.37    -8.50    -7.27    -2.80    -0.68     1.30    17.55   -11.76  1062.29   422.57
    18.00   -14.00    19.62   -82.86   115.18    -8.50    -7.12    -2.80    -0.55     1.38    17.55   -13.72  1062.29   383.43
    18.00   -16.00    20.69   -83.03   115.99    -8.50    -6.95    -2.80    -0.42     1.47    17.55   -15.69  1062.29   344.82
    18.00   -18.00    21.74   -83.19   116.80    -8.50    -6.78    -2.80    -0.29     1.56    17.55   -17.65  1062.29   306.73
    18.00   -20.00    22.77   -83.36   117.61    -8.50    -6.60    -2.80    -0.16     1.64    17.55   -19.62  1062.29   269.14
    18.00   -22.00    23.80   -83.52   118.43    -8.50    -6.41    -2.80    -0.03     1.73    17.55   -21.59  1062.29   232.03
    18.00   -24.00    24.80   -83.68   119.25    -8.50    -6.22    -2.80     0.10     1.82    17.55   -23.56  1062.29   195.39
    18.00   -26.00    25.79   -83.83   120.07    -8.50    -6.01    -2.80     0.23     1.91    17.55   -25.53  1062.29   159.18
    18.00   -28.00    26.76   -83.99   120.90    -8.50    -5.80    -2.80     0.35     1.99    17.55   -27.50  1062.29   123.38
    18.00   -30.00    27.72   -84.14   121.73    -8.50    -5.57    -2.80     0.48     2.08    17.55   -29.48  1062.29    87.95
    18.00   -32.00    28.67   -84.29   122.55    -8.50    -5.34    -2.80     0.60     2.17    17.55   -31.45  1062.29    52.84
    18.00   -34.00    29.60   -84.43   123.39    -8.50    -5.10    -2.80     0.72     2.25    17.55   -33.43  1062.29    18.01
    18.00   -36.00    30.07   -84.51   123.82    -8.50    -4.98    -2.80     0.79     2.30    17.55   -34.45  1062.29     0.00
    20.00     0.00    13.04   -81.35   108.86    -8.51    -8.00    -2.94    -1.50     0.86    19.50     0.00  1105.74   668.47
    20.00     2.00    11.83   -81.17   108.07    -8.51    -8.09    -2.94    -1.64     0.78    19.50     1.96  1105.74   711.19
    20.00     4.00    10.60   -80.97   107.28    -8.51    -8.17    -2.94    -1.78     0.69    19.50     3.91  1105.74   754.33
    20.00     6.00     9.35   -80.78   106.50    -8.51    -8.24    -2.94    -1.92     0.60    19.50     5.86  1105.74   797.84
    20.00     8.00     8.08   -80.58   105.72    -8.51    -8.30    -2.94    -2.07     0.52    19.50     7.81  1105.74   841.67
    20.00    10.00     6.79   -80.38   104.94    -8.51    -8.36    -2.94    -2.21     0.43    19.50     9.76  1105.74   885.74
    20.00    12.00     5.47   -80.18   104.17    -8.51    -8.40    -2.94    -2.35     0.35    19.50    11.71  1105.74   929.96
    20.00    14.00     4.14   -79.97   103.39    -8.51    -8.44    -2.94    -2.50     0.26    19.50    13.66  1105.74   974.22
    20.00    16.00     2.78   -79.76   102.63    -8.51    -8.47    -2.94    -2.65     0.17    19.50    15.61  1105.74  1018.39
    20.00    18.00     1.40   -79.55   101.86    -8.51    -8.50    -2.94    -2.80     0.09    19.50    17.55  1105.74  1062.29
    20.00    20.00     0.00   -79.33   101.10    -8.51    -8.51    -2.94    -2.94     0.00    19.50    19.50  1105.74  1105.74
    20.00    22.00    -1.43   -79.11   100.34    -8.51    -8.52    -2.94    -3.09    -0.09    19.50    21.45  1105.74  1148.49
    20.00    24.00    -2.88   -78.88    99.58    -8.51    -8.53    -2.94    -3.25    -0.17    19.50    23.39  1105.74  1190.26
    20.00    26.00    -4.36   -78.65    98.83    -8.51    -8.54    -2.94    -3.40    -0.26    19.50    25.34  1105.74  1230.68
    20.00    28.00    -5.86   -78.42    98.08    -8.51    -8.54    -2.94    -3.55    -0.35    19.50    27.29  1105.74  1269.34
    20.00    30.00    -7.39   -78.18    97.33    -8.51    -8.55    -2.94    -3.71    -0.43    19.50    29.23  1105.74  1305.70
    20.00    32.00    -8.95   -77.94    96.58    -8.51    -8.55    -2.94    -3.86    -0.52    19.50    31.18  1105.74  1339.10
    20.00    34.00   -10.54   -77.69    95.84    -8.51    -8.57    -2.94    -4.02    -0.61    19.50    33.14  1105.74  1368.75
    20.00    36.00   -12.16   -77.44    95.10    -8.51    -8.60    -2.94    -4.18    -0.69    19.50    35.09  1105.74  1393.61
    20.00    38.00   -13.82   -77.18    94.36    -8.51    -8.64    -2.94    -4.34    -0.78    19.50    37.06  1105.74  1412.41
    20.00     0.00    13.04   -81.35   108.86    -8.51    -8.00    -2.94    -1.50     0.86    19.50     0.00  1105.74   668.47
    20.00    -2.00    14.23   -81.54   109.65    -8.51    -7.90    -2.94    -1.36     0.95    19.50    -1.96  1105.74   626.21
    20.00    -4.00    15.40   -81.72   110.45    -8.51    -7.79    -2.94    -1.22     1.04    19.50    -3.91  1105.74   584.44
    20.00    -6.00    16.56   -81.90   111.25    -8.51    -7.68    -2.94    -1.09     1.12    19.50    -5.87  1105.74   543.18
    20.00    -8.00    17.69   -82.08   112.05    -8.51    -7.55    -2.94    -0.95     1.21    19.50    -7.83  1105.74   502.44
    20.00   -10.00    18.81   -82.25   112.85    -8.51    -7.41    -2.94    -0.82     1.30    19.50    -9.80  1105.74   462.24
    20.00   -12.00    19.91   -82.42   113.66    -8.51    -7.27    -2.94    -0.68     1.38    19.50   -11.76  1105.74   422.57
    20.00   -14.00    21.00   -82.59   114.47    -8.51    -7.12    -2.94    -0.55     1.47    19.50   -13.72  1105.74   383.43
    20.00   -16.00    22.06   -82.75   115.28    -8.51    -6.95    -2.94    -0.42     1.56    19.50   -15.69  1105.74   344.82
    20.00   -18.00    23.11   -82.92   116.10    -8.51    -6.78    -2.94    -0.29     1.64    19.50   -17.65  1105.74   306.73
    20.00   -20.00    24.15   -83.08   116.91    -8.51    -6.60    -2.94    -0.16     1.73    19.50   -19.62  1105.74   269.14
    20.00   -22.00    25.17   -83.24   117.74    -8.51    -6.41    -2.94    -0.03     1.82    19.50   -21.59  1105.74   232.03
    20.00   -24.00    26.17   -83.39   118.56    -8.51    -6.22    -2.94     0.10     1.90    19.50   -23.56  1105.74   195.39
    20.00   -26.00    27.15   -83.54   119.38    -8.51    -6.01    -2.94     0.23     1.99    19.50   -25.53  1105.74   159.18
    20.00   -28.00    28.13   -83.69   120.21    -8.51    -5.80    -2.94     0.35     2.08    19.50   -27.50  1105.74   123.38
    20.00   -30.00    29.08   -83.84   121.04    -8.51    -5.57    -2.94     0.48     2.17    19.50   -29.48  1105.74    87.95
    20.00   -32.00    30.02   -83.99   121.87    -8.51    -5.34    -2.94     0.60     2.25    19.50   -31.45  1105.74    52.84
    20.00   -34.00    30.95   -84.13   122.71    -8.51    -5.10    -2.94     0.72     2.34    19.50   -33.43  1105.74    18.01
    20.00   -36.00    31.42   -84.21   123.14    -8.51    -4.98    -2.94     0.79     2.39    19.50   -34.45  1105.74     0.00
    22.00     0.00    14.46   -81.10   108.13    -8.52    -8.00    -3.09    -1.50     0.95    21.45     0.00  1148.49   668.47
    22.00     2.00    13.25   -80.91   107.34    -8.52    -8.09    -3.09    -1.64     0.86    21.45     1.96  1148.49   711.19
    22.00     4.00    12.02   -80.73   106.55    -8.52    -8.17    -3.09    -1.78     0.78    21.45     3.91  1148.49   754.33
    22.00     6.00    10.77   -80.54   105.76    -8.52    -8.24    -3.09    -1.92     0.69    21.45     5.86  1148.49   797.84
    22.00     8.00     9.50   -80.34   104.98    -8.52    -8.30    -3.09    -2.07     0.60    21.45     7.81  1148.49   841.67
    22.00    10.00     8.21   -80.14   104.20    -8.52    -8.36    -3.09    -2.21     0.52    21.45     9.76  1148.49   885.74
    22.00    12.00     6.90   -79.94   103.42    -8.52    -8.40    -3.09    -2.35     0.43    21.45    11.71  1148.49   929.96
    22.00    14.00     5.56   -79.74   102.64    -8.52    -8.44    -3.09    -2.50     0.35    21.45    13.66  1148.49   974.22
    22.00    16.00     4.21   -79.53   101.87    -8.52    -8.47    -3.09    -2.65     0.26    21.45    15.61  1148.49  1018.39
    22.00    18.00     2.83   -79.32   101.10    -8.52    -8.50    -3.09    -2.80     0.17    21.45    17.55  1148.49  1062.29
    22.00    20.00     1.43   -79.11   100.34    -8.52    -8.51    -3.09    -2.94     0.09    21.45    19.50  1148.49  1105.74
    22.00    22.00     0.00   -78.89    99.57    -8.52    -8.52    -3.09    -3.09     0.00    21.45    21.45  1148.49  1148.49
    22.00    24.00    -1.45   -78.67    98.81    -8.52    -8.53    -3.09    -3.25    -0.09    21.45    23.39  1148.49  1190.26
    22.00    26.00    -2.93   -78.44    98.06    -8.52    -8.54    -3.09    -3.40    -0.17    21.45    25.34  1148.49  1230.68
    22.00    28.00    -4.43   -78.21    97.30    -8.52    -8.54    -3.09    -3.55    -0.26    21.45    27.29  1148.49  1269.34
    22.00    30.00    -5.97   -77.98    96.55    -8.52    -8.55    -3.09    -3.71    -0.35    21.45    29.23  1148.49  1305.70
    22.00    32.00    -7.53   -77.74    95.80    -8.52    -8.55    -3.09    -3.86    -0.43    21.45    31.18  1148.49  1339.10
    22.00    34.00    -9.12   -77.50    95.06    -8.52    -8.57    -3.09    -4.02    -0.52    21.45    33.14  1148.49  1368.75
    22.00    36.00   -10.74   -77.25    94.31    -8.52    -8.60    -3.09    -4.18    -0.61    21.45    35.09  1148.49  1393.61
    22.00    38.00   -12.40   -76.99    93.57    -8.52    -8.64    -3.09    -4.34    -0.69    21.45    37.06  1148.49  1412.41
    22.00     0.00    14.46   -81.10   108.13    -8.52    -8.00    -3.09    -1.50     0.95    21.45     0.00  1148.49   668.47
    22.00    -2.00    15.65   -81.28   108.93    -8.52    -7.90    -3.09    -1.36     1.04    21.45    -1.96  1148.49   626.21
    22.00    -4.00    16.82   -81.46   109.73    -8.52    -7.79    -3.09    -1.22     1.12    21.45    -3.91  1148.49   584.44
    22.00    -6.00    17.97   -81.64   110.53    -8.52    -7.68    -3.09    -1.09     1.21    21.45    -5.87  1148.49   543.18
    22.00    -8.00    19.10   -81.81   111.33    -8.52    -7.55    -3.09    -0.95     1.30    21.45    -7.83  1148.49   502.44
    22.00   -10.00    20.22   -81.98   112.14    -8.52    -7.41    -3.09    -0.82     1.38    21.45    -9.80  1148.49   462.24
    22.00   -12.00    21.32   -82.15   112.95    -8.52    -7.27    -3.09    -0.68     1.47    21.45   -11.76  1148.49   422.57
    22.00   -14.00    22.40   -82.31   113.76    -8.52    -7.12    -3.09    -0.55     1.56    21.45   -13.72  1148.49   383.43
    22.00   -16.00    23.46   -82.48   114.58    -8.52    -6.95    -3.09    -0.42     1.64    21.45   -15.69  1148.49   344.82
    22.00   -18.00    24.51   -82.64   115.40    -8.52    -6.78    -3.09    -0.29     1.73    21.45   -17.65  1148.49   306.73
    22.00   -20.00    25.54   -82.79   116.22    -8.52    -6.60    -3.09    -0.16     1.82    21.45   -19.62  1148.49   269.14
    22.00   -22.00    26.56   -82.95   117.04    -8.52    -6.41    -3.09    -0.03     1.90    21.45   -21.59  1148.49   232.03
    22.00   -24.00    27.56   -83.10   117.87    -8.52    -6.22    -3.09     0.10     1.99    21.45   -23.56  1148.49   195.39
    22.00   -26.00    28.54   -83.25   118.70    -8.52    -6.01    -3.09     0.23     2.08    21.45   -25.53  1148.49   159.18
    22.00   -28.00    29.51   -83.40   119.53    -8.52    -5.80    -3.09     0.35     2.16    21.45   -27.50  1148.49   123.38
    22.00   -30.00    30.46   -83.54   120.36    -8.52    -5.57    -3.09     0.48     2.25    21.45   -29.48  1148.49    87.95
    22.00   -32.00    31.40   -83.69   121.19    -8.52    -5.34    -3.09     0.60     2.34    21.45   -31.45  1148.49    52.84
    22.00   -34.00    32.32   -83.83   122.03    -8.52    -5.10    -3.09     0.72     2.43    21.45   -33.43  1148.49    18.01
    22.00   -36.00    32.80   -83.90   122.47    -8.52    -4.98    -3.09     0.79     2.47    21.45   -34.45  1148.49     0.00
    24.00     0.00    15.90   -80.84   107.41    -8.53    -8.00    -3.25    -1.50     1.04    23.39     0.00  1190.26   668.47
    24.00     2.00    14.69   -80.66   106.61    -8.53    -8.09    -3.25    -1.64     0.95    23.39     1.96  1190.26   711.19
    24.00     4.00    13.46   -80.47   105.82    -8.53    -8.17    -3.25    -1.78     0.86    23.39     3.91  1190.26   754.33
    24.00     6.00    12.21   -80.29   105.03    -8.53    -8.24    -3.25    -1.92     0.78    23.39     5.86  1190.26   797.84
    24.00     8.00    10.95   -80.10   104.24    -8.53    -8.30    -3.25    -2.07     0.69    23.39     7.81  1190.26   841.67
    24.00    10.00     9.66   -79.90   103.46    -8.53    -8.36    -3.25    -2.21     0.60    23.39     9.76  1190.26   885.74
    24.00    12.00     8.35   -79.70   102.68    -8.53    -8.40    -3.25    -2.35     0.52    23.39    11.71  1190.26   929.96
    24.00    14.00     7.01   -79.50   101.90    -8.53    -8.44    -3.25    -2.50     0.43    23.39    13.66  1190.26   974.22
    24.00    16.00     5.66   -79.30   101.12    -8.53    -8.47    -3.25    -2.65     0.35    23.39    15.61  1190.26  1018.39
    24.00    18.00     4.28   -79.09   100.35    -8.53    -8.50    -3.25    -2.80     0.26    23.39    17.55  1190.26  1062.29
    24.00    20.00     2.88   -78.88    99.58    -8.53    -8.51    -3.25    -2.94     0.17    23.39    19.50  1190.26  1105.74
    24.00    22.00     1.45   -78.67    98.81    -8.53    -8.52    -3.25    -3.09     0.09    23.39    21.45  1190.26  1148.49
    24.00    24.00     0.00   -78.45    98.05    -8.53    -8.53    -3.25    -3.25     0.00    23.39    23.39  1190.26  1190.26
    24.00    26.00    -1.48   -78.23    97.29    -8.53    -8.54    -3.25    -3.40    -0.09    23.39    25.34  1190.26  1230.68
    24.00    28.00    -2.98   -78.00    96.53    -8.53    -8.54    -3.25    -3.55    -0.17    23.39    27.29  1190.26  1269.34
    24.00    30.00    -4.51   -77.77    95.78    -8.53    -8.55    -3.25    -3.71    -0.26    23.39    29.23  1190.26  1305.70
    24.00    32.00    -6.08   -77.54    95.03    -8.53    -8.55    -3.25    -3.86    -0.35    23.39    31.18  1190.26  1339.10
    24.00    34.00    -7.67   -77.30    94.27    -8.53    -8.57    -3.25    -4.02    -0.43    23.39    33.14  1190.26  1368.75
    24.00    36.00    -9.29   -77.05    93.53    -8.53    -8.60    -3.25    -4.18    -0.52    23.39    35.09  1190.26  1393.61
    24.00    38.00   -10.95   -76.80    92.78    -8.53    -8.64    -3.25    -4.34    -0.61    23.39    37.06  1190.26  1412.41
    24.00     0.00    15.90   -80.84   107.41    -8.53    -8.00    -3.25    -1.50     1.04    23.39     0.00  1190.26   668.47
    24.00    -2.00    17.08   -81.02   108.21    -8.53    -7.90    -3.25    -1.36     1.12    23.39    -1.96  1190.26   626.21
    24.00    -4.00    18.25   -81.19   109.01    -8.53    -7.79    -3.25    -1.22     1.21    23.39    -3.91  1190.26   584.44
    24.00    -6.00    19.40   -81.37   109.82    -8.53    -7.68    -3.25    -1.09     1.30    23.39    -5.87  1190.26   543.18
    24.00    -8.00    20.53   -81.54   110.62    -8.53    -7.55    -3.25    -0.95     1.38    23.39    -7.83  1190.26   502.44
    24.00   -10.00    21.65   -81.71   111.43    -8.53    -7.41    -3.25    -0.82     1.47    23.39    -9.80  1190.26   462.24
    24.00   -12.00    22.74   -81.87   112.25    -8.53    -7.27    -3.25    -0.68     1.56    23.39   -11.76  1190.26   422.57
    24.00   -14.00    23.82   -82.03   113.06    -8.53    -7.12    -3.25    -0.55     1.64    23.39   -13.72  1190.26   383.43
    24.00   -16.00    24.88   -82.19   113.88    -8.53    -6.95    -3.25    -0.42     1.73    23.39   -15.69  1190.26   344.82
    24.00   -18.00    25.93   -82.35   114.70    -8.53    -6.78    -3.25    -0.29     1.82    23.39   -17.65  1190.26   306.73
    24.00   -20.00    26.96   -82.50   115.53    -8.53    -6.60    -3.25    -0.16     1.90    23.39   -19.62  1190.26   269.14
    24.00   -22.00    27.97   -82.66   116.35    -8.53    -6.41    -3.25    -0.03     1.99    23.39   -21.59  1190.26   232.03
    24.00   -24.00    28.96   -82.81   117.18    -8.53    -6.22    -3.25     0.10     2.08    23.39   -23.56  1190.26   195.39
    24.00   -26.00    29.94   -82.95   118.01    -8.53    -6.01    -3.25     0.23     2.16    23.39   -25.53  1190.26   159.18
    24.00   -28.00    30.91   -83.10   118.84    -8.53    -5.80    -3.25     0.35     2.25    23.39   -27.50  1190.26   123.38
    24.00   -30.00    31.86   -83.24   119.68    -8.53    -5.57    -3.25     0.48     2.34    23.39   -29.48  1190.26    87.95
    24.00   -32.00    32.79   -83.38   120.52    -8.53    -5.34    -3.25     0.60     2.43    23.39   -31.45  1190.26    52.84
    24.00   -34.00    33.71   -83.52   121.36    -8.53    -5.10    -3.25     0.72     2.51    23.39   -33.43  1190.26    18.01
    24.00   -36.00    34.19   -83.59   121.79    -8.53    -4.98    -3.25     0.79     2.56    23.39   -34.45  1190.26     0.00
    26.00     0.00    17.36   -80.58   106.69    -8.54    -8.00    -3.40    -1.50     1.12    25.34     0.00  1230.68   668.47
    26.00     2.00    16.15   -80.40   105.89    -8.54    -8.09    -3.40    -1.64     1.04    25.34     1.96  1230.68   711.19
    26.00     4.00    14.93   -80.22   105.09    -8.54    -8.17    -3.40    -1.78     0.95    25.34     3.91  1230.68   754.33
    26.00     6.00    13.68   -80.03   104.30    -8.54    -8.24    -3.40    -1.92     0.86    25.34     5.86  1230.68   797.84
    26.00     8.00    12.42   -79.85   103.51    -8.54    -8.30    -3.40    -2.07     0.78    25.34     7.81  1230.68   841.67
    26.00    10.00    11.13   -79.66   102.72    -8.54    -8.36    -3.40    -2.21     0.69    25.34     9.76  1230.68   885.74
    26.00    12.00     9.82   -79.46   101.94    -8.54    -8.40    -3.40    -2.35     0.60    25.34    11.71  1230.68   929.96
    26.00    14.00     8.49   -79.26   101.16    -8.54    -8.44    -3.40    -2.50     0.52    25.34    13.66  1230.68   974.22
    26.00    16.00     7.13   -79.06   100.38    -8.54    -8.47    -3.40    -2.65     0.43    25.34    15.61  1230.68  1018.39
    26.00    18.00     5.76   -78.86    99.60    -8.54    -8.50    -3.40    -2.80     0.35    25.34    17.55  1230.68  1062.29
    26.00    20.00     4.36   -78.65    98.83    -8.54    -8.51    -3.40    -2.94     0.26    25.34    19.50  1230.68  1105.74
    26.00    22.00     2.93   -78.44    98.06    -8.54    -8.52    -3.40    -3.09     0.17    25.34    21.45  1230.68  1148.49
    26.00    24.00     1.48   -78.23    97.29    -8.54    -8.53    -3.40    -3.25     0.09    25.34    23.39  1230.68  1190.26
    26.00    26.00     0.00   -78.01    96.53    -8.54    -8.54    -3.40    -3.40     0.00    25.34    25.34  1230.68  1230.68
    26.00    28.00    -1.50   -77.79    95.77    -8.54    -8.54    -3.40    -3.55    -0.09    25.34    27.29  1230.68  1269.34
    26.00    30.00    -3.04   -77.56    95.01    -8.54    -8.55    -3.40    -3.71    -0.17    25.34    29.23  1230.68  1305.70
    26.00    32.00    -4.60   -77.33    94.25    -8.54    -8.55    -3.40    -3.86    -0.26    25.34    31.18  1230.68  1339.10
    26.00    34.00    -6.19   -77.09    93.50    -8.54    -8.57    -3.40    -4.02    -0.35    25.34    33.14  1230.68  1368.75
    26.00    36.00    -7.82   -76.85    92.74    -8.54    -8.60    -3.40    -4.18    -0.43    25.34    35.09  1230.68  1393.61
    26.00    38.00    -9.48   -76.61    91.99    -8.54    -8.64    -3.40    -4.34    -0.52    25.34    37.06  1230.68  1412.41
    26.00     0.00    17.36   -80.58   106.69    -8.54    -8.00    -3.40    -1.50     1.12    25.34     0.00  1230.68   668.47
    26.00    -2.00    18.54   -80.75   107.49    -8.54    -7.90    -3.40    -1.36     1.21    25.34    -1.96  1230.68   626.21
    26.00    -4.00    19.71   -80.93   108.30    -8.54    -7.79    -3.40    -1.22     1.30    25.34    -3.91  1230.68   584.44
    26.00    -6.00    20.86   -81.10   109.11    -8.54    -7.68    -3.40    -1.09     1.38    25.34    -5.87  1230.68   543.18
    26.00    -8.00    21.99   -81.26   109.92    -8.54    -7.55    -3.40    -0.95     1.47    25.34    -7.83  1230.68   502.44
    26.00   -10.00    23.10   -81.43   110.73    -8.54    -7.41    -3.40    -0.82     1.55    25.34    -9.80  1230.68   462.24
    26.00   -12.00    24.19   -81.59   111.55    -8.54    -7.27    -3.40    -0.68     1.64    25.34   -11.76  1230.68   422.57
    26.00   -14.00    25.27   -81.75   112.36    -8.54    -7.12    -3.40    -0.55     1.73    25.34   -13.72  1230.68   383.43
    26.00   -16.00    26.33   -81.90   113.19    -8.54    -6.95    -3.40    -0.42     1.82    25.34   -15.69  1230.68   344.82
    26.00   -18.00    27.37   -82.06   114.01    -8.54    -6.78    -3.40    -0.29     1.90    25.34   -17.65  1230.68   306.73
    26.00   -20.00    28.39   -82.21   114.84    -8.54    -6.60    -3.40    -0.16     1.99    25.34   -19.62  1230.68   269.14
    26.00   -22.00    29.40   -82.36   115.67    -8.54    -6.41    -3.40    -0.03     2.08    25.34   -21.59  1230.68   232.03
    26.00   -24.00    30.39   -82.51   116.50    -8.54    -6.22    -3.40     0.10     2.16    25.34   -23.56  1230.68   195.39
    26.00   -26.00    31.37   -82.65   117.33    -8.54    -6.01    -3.40     0.23     2.25    25.34   -25.53  1230.68   159.18
    26.00   -28.00    32.33   -82.79   118.17    -8.54    -5.80    -3.40     0.35     2.34    25.34   -27.50  1230.68   123.38
    26.00   -30.00    33.28   -82.93   119.00    -8.54    -5.57    -3.40     0.48     2.42    25.34   -29.48  1230.68    87.95
    26.00   -32.00    34.21   -83.07   119.84    -8.54    -5.34    -3.40     0.60     2.51    25.34   -31.45  1230.68    52.84
    26.00   -34.00    35.12   -83.21   120.69    -8.54    -5.10    -3.40     0.72     2.60    25.34   -33.43  1230.68    18.01
    26.00   -36.00    35.59   -83.28   121.13    -8.54    -4.98    -3.40     0.79     2.64    25.34   -34.45  1230.68     0.00
    28.00     0.00    18.85   -80.31   105.97    -8.54    -8.00    -3.55    -1.50     1.21    27.29     0.00  1269.34   668.47
    28.00     2.00    17.64   -80.14   105.17    -8.54    -8.09    -3.55    -1.64     1.12    27.29     1.96  1269.34   711.19
    28.00     4.00    16.42   -79.96   104.37    -8.54    -8.17    -3.55    -1.78     1.04    27.29     3.91  1269.34   754.33
    28.00     6.00    15.18   -79.78   103.57    -8.54    -8.24    -3.55    -1.92     0.95    27.29     5.86  1269.34   797.84
    28.00     8.00    13.91   -79.59   102.78    -8.54    -8.30    -3.55    -2.07     0.86    27.29     7.81  1269.34   841.67
    28.00    10.00    12.63   -79.40   101.99    -8.54    -8.36    -3.55    -2.21     0.78    27.29     9.76  1269.34   885.74
    28.00    12.00    11.32   -79.21   101.20    -8.54    -8.40    -3.55    -2.35     0.69    27.29    11.71  1269.34   929.96
    28.00    14.00     9.99   -79.02   100.41    -8.54    -8.44    -3.55    -2.50     0.60    27.29    13.66  1269.34   974.22
    28.00    16.00     8.64   -78.82    99.63    -8.54    -8.47    -3.55    -2.65     0.52    27.29    15.61  1269.34  1018.39
    28.00    18.00     7.26   -78.62    98.85    -8.54    -8.50    -3.55    -2.80     0.43    27.29    17.55  1269.34  1062.29
    28.00    20.00     5.86   -78.42    98.08    -8.54    -8.51    -3.55    -2.94     0.35    27.29    19.50  1269.34  1105.74
    28.00    22.00     4.43   -78.21    97.30    -8.54    -8.52    -3.55    -3.09     0.26    27.29    21.45  1269.34  1148.49
    28.00    24.00     2.98   -78.00    96.53    -8.54    -8.53    -3.55    -3.25     0.17    27.29    23.39  1269.34  1190.26
    28.00    26.00     1.50   -77.79    95.77    -8.54    -8.54    -3.55    -3.40     0.09    27.29    25.34  1269.34  1230.68
    28.00    28.00     0.00   -77.57    95.00    -8.54    -8.54    -3.55    -3.55     0.00    27.29    27.29  1269.34  1269.34
    28.00    30.00    -1.53   -77.34    94.24    -8.54    -8.55    -3.55    -3.71    -0.09    27.29    29.23  1269.34  1305.70
    28.00    32.00    -3.10   -77.12    93.48    -8.54    -8.55    -3.55    -3.86    -0.17    27.29    31.18  1269.34  1339.10
    28.00    34.00    -4.69   -76.88    92.72    -8.54    -8.57    -3.55    -4.02    -0.26    27.29    33.14  1269.34  1368.75
    28.00    36.00    -6.32   -76.65    91.96    -8.54    -8.60    -3.55    -4.18    -0.35    27.29    35.09  1269.34  1393.61
    28.00    38.00    -7.98   -76.40    91.21    -8.54    -8.64    -3.55    -4.34    -0.43    27.29    37.06  1269.34  1412.41
    28.00     0.00    18.85   -80.31   105.97    -8.54    -8.00    -3.55    -1.50     1.21    27.29     0.00  1269.34   668.47
    28.00    -2.00    20.03   -80.48   106.78    -8.54    -7.90    -3.55    -1.36     1.29    27.29    -1.96  1269.34   626.21
    28.00    -4.00    21.19   -80.65   107.59    -8.54    -7.79    -3.55    -1.22     1.38    27.29    -3.91  1269.34   584.44
    28.00    -6.00    22.34   -80.82   108.40    -8.54    -7.68    -3.55    -1.09     1.47    27.29    -5.87  1269.34   543.18
    28.00    -8.00    23.47   -80.98   109.21    -8.54    -7.55    -3.55    -0.95     1.55    27.29    -7.83  1269.34   502.44
    28.00   -10.00    24.57   -81.14   110.03    -8.54    -7.41    -3.55    -0.82     1.64    27.29    -9.80  1269.34   462.24
    28.00   -12.00    25.66   -81.30   110.85    -8.54    -7.27    -3.55    -0.68     1.73    27.29   -11.76  1269.34   422.57
    28.00   -14.00    26.74   -81.46   111.67    -8.54    -7.12    -3.55    -0.55     1.81    27.29   -13.72  1269.34   383.43
    28.00   -16.00    27.79   -81.61   112.49    -8.54    -6.95    -3.55    -0.42     1.90    27.29   -15.69  1269.34   344.82
    28.00   -18.00    28.83   -81.76   113.32    -8.54    -6.78    -3.55    -0.29     1.99    27.29   -17.65  1269.34   306.73
    28.00   -20.00    29.85   -81.91   114.15    -8.54    -6.60    -3.55    -0.16     2.08    27.29   -19.62  1269.34   269.14
    28.00   -22.00    30.86   -82.06   114.98    -8.54    -6.41    -3.55    -0.03     2.16    27.29   -21.59  1269.34   232.03
    28.00   -24.00    31.85   -82.20   115.82    -8.54    -6.22    -3.55     0.10     2.25    27.29   -23.56  1269.34   195.39
    28.00   -26.00    32.82   -82.34   116.65    -8.54    -6.01    -3.55     0.23     2.34    27.29   -25.53  1269.34   159.18
    28.00   -28.00    33.78   -82.48   117.49    -8.54    -5.80    -3.55     0.35     2.42    27.29   -27.50  1269.34   123.38
    28.00   -30.00    34.72   -82.62   118.33    -8.54    -5.57    -3.55     0.48     2.51    27.29   -29.48  1269.34    87.95
    28.00   -32.00    35.65   -82.76   119.18    -8.54    -5.34    -3.55     0.60     2.60    27.29   -31.45  1269.34    52.84
    28.00   -34.00    36.56   -82.89   120.02    -8.54    -5.10    -3.55     0.72     2.69    27.29   -33.43  1269.34    18.01
    28.00   -36.00    37.03   -82.96   120.46    -8.54    -4.98    -3.55     0.79     2.73    27.29   -34.45  1269.34     0.00
    30.00     0.00    20.36   -80.04   105.26    -8.55    -8.00    -3.71    -1.50     1.29    29.23     0.00  1305.70   668.47
    30.00     2.00    19.16   -79.87   104.45    -8.55    -8.09    -3.71    -1.64     1.21    29.23     1.96  1305.70   711.19
    30.00     4.00    17.94   -79.69   103.65    -8.55    -8.17    -3.71    -1.78     1.12    29.23     3.91  1305.70   754.33
    30.00     6.00    16.70   -79.51   102.85    -8.55    -8.24    -3.71    -1.92     1.04    29.23     5.86  1305.70   797.84
    30.00     8.00    15.43   -79.33   102.05    -8.55    -8.30    -3.71    -2.07     0.95    29.23     7.81  1305.70   841.67
    30.00    10.00    14.15   -79.15   101.26    -8.55    -8.36    -3.71    -2.21     0.86    29.23     9.76  1305.70   885.74
    30.00    12.00    12.84   -78.96   100.47    -8.55    -8.40    -3.71    -2.35     0.78    29.23    11.71  1305.70   929.96
    30.00    14.00    11.52   -78.77    99.68    -8.55    -8.44    -3.71    -2.50     0.69    29.23    13.66  1305.70   974.22
    30.00    16.00    10.16   -78.58    98.89    -8.55    -8.47    -3.71    -2.65     0.60    29.23    15.61  1305.70  1018.39
    30.00    18.00     8.79   -78.38    98.11    -8.55    -8.50    -3.71    -2.80     0.52    29.23    17.55  1305.70  1062.29
    30.00    20.00     7.39   -78.18    97.33    -8.55    -8.51    -3.71    -2.94     0.43    29.23    19.50  1305.70  1105.74
    30.00    22.00     5.97   -77.98    96.55    -8.55    -8.52    -3.71    -3.09     0.35    29.23    21.45  1305.70  1148.49
    30.00    24.00     4.51   -77.77    95.78    -8.55    -8.53    -3.71    -3.25     0.26    29.23    23.39  1305.70  1190.26
    30.00    26.00     3.04   -77.56    95.01    -8.55    -8.54    -3.71    -3.40     0.17    29.23    25.34  1305.70  1230.68
    30.00    28.00     1.53   -77.34    94.24    -8.55    -8.54    -3.71    -3.55     0.09    29.23    27.29  1305.70  1269.34
    30.00    30.00     0.00   -77.12    93.47    -8.55    -8.55    -3.71    -3.71     0.00    29.23    29.23  1305.70  1305.70
    30.00    32.00    -1.56   -76.90    92.71    -8.55    -8.55    -3.71    -3.86    -0.09    29.23    31.18  1305.70  1339.10
    30.00    34.00    -3.16   -76.67    91.95    -8.55    -8.57    -3.71    -4.02    -0.17    29.23    33.14  1305.70  1368.75
    30.00    36.00    -4.79   -76.44    91.19    -8.55    -8.60    -3.71    -4.18    -0.26    29.23    35.09  1305.70  1393.61
    30.00    38.00    -6.45   -76.20    90.43    -8.55    -8.64    -3.71    -4.34    -0.35    29.23    37.06  1305.70  1412.41
    30.00     0.00    20.36   -80.04   105.26    -8.55    -8.00    -3.71    -1.50     1.29    29.23     0.00  1305.70   668.47
    30.00    -2.00    21.54   -80.21   106.07    -8.55    -7.90    -3.71    -1.36     1.38    29.23    -1.96  1305.70   626.21
    30.00    -4.00    22.70   -80.37   106.88    -8.55    -7.79    -3.71    -1.22     1.47    29.23    -3.91  1305.70   584.44
    30.00    -6.00    23.84   -80.54   107.69    -8.55    -7.68    -3.71    -1.09     1.55    29.23    -5.87  1305.70   543.18
    30.00    -8.00    24.97   -80.70   108.51    -8.55    -7.55    -3.71    -0.95     1.64    29.23    -7.83  1305.70   502.44
    30.00   -10.00    26.07   -80.86   109.33    -8.55    -7.41    -3.71    -0.82     1.73    29.23    -9.80  1305.70   462.24
    30.00   -12.00    27.16   -81.01   110.15    -8.55    -7.27    -3.71    -0.68     1.81    29.23   -11.76  1305.70   422.57
    30.00   -14.00    28.23   -81.17   110.98    -8.55    -7.12    -3.71    -0.55     1.90    29.23   -13.72  1305.70   383.43
    30.00   -16.00    29.28   -81.32   111.80    -8.55    -6.95    -3.71    -0.42     1.99    29.23   -15.69  1305.70   344.82
    30.00   -18.00    30.32   -81.46   112.63    -8.55    -6.78    -3.71    -0.29     2.08    29.23   -17.65  1305.70   306.73
    30.00   -20.00    31.33   -81.61   113.47    -8.55    -6.60    -3.71    -0.16     2.16    29.23   -19.62  1305.70   269.14
    30.00   -22.00    32.33   -81.75   114.30    -8.55    -6.41    -3.71    -0.03     2.25    29.23   -21.59  1305.70   232.03
    30.00   -24.00    33.32   -81.89   115.14    -8.55    -6.22    -3.71     0.10     2.34    29.23   -23.56  1305.70   195.39
    30.00   -26.00    34.29   -82.03   115.98    -8.55    -6.01    -3.71     0.23     2.42    29.23   -25.53  1305.70   159.18
    30.00   -28.00    35.24   -82.17   116.82    -8.55    -5.80    -3.71     0.35     2.51    29.23   -27.50  1305.70   123.38
    30.00   -30.00    36.18   -82.30   117.66    -8.55    -5.57    -3.71     0.48     2.60    29.23   -29.48  1305.70    87.95
    30.00   -32.00    37.10   -82.44   118.51    -8.55    -5.34    -3.71     0.60     2.68    29.23   -31.45  1305.70    52.84
    30.00   -34.00    38.01   -82.57   119.36    -8.55    -5.10    -3.71     0.72     2.77    29.23   -33.43  1305.70    18.01
    30.00   -36.00    38.48   -82.63   119.80    -8.55    -4.98    -3.71     0.79     2.82    29.23   -34.45  1305.70     0.00
    32.00     0.00    21.90   -79.76   104.55    -8.55    -8.00    -3.86    -1.50     1.38    31.18     0.00  1339.10   668.47
    32.00     2.00    20.70   -79.59   103.74    -8.55    -8.09    -3.86    -1.64     1.30    31.18     1.96  1339.10   711.19
    32.00     4.00    19.48   -79.42   102.93    -8.55    -8.17    -3.86    -1.78     1.21    31.18     3.91  1339.10   754.33
    32.00     6.00    18.24   -79.25   102.13    -8.55    -8.24    -3.86    -1.92     1.12    31.18     5.86  1339.10   797.84
    32.00     8.00    16.98   -79.07   101.33    -8.55    -8.30    -3.86    -2.07     1.04    31.18     7.81  1339.10   841.67
    32.00    10.00    15.70   -78.89   100.53    -8.55    -8.36    -3.86    -2.21     0.95    31.18     9.76  1339.10   885.74
    32.00    12.00    14.40   -78.71    99.73    -8.55    -8.40    -3.86    -2.35     0.86    31.18    11.71  1339.10   929.96
    32.00    14.00    13.07   -78.52    98.94    -8.55    -8.44    -3.86    -2.50     0.78    31.18    13.66  1339.10   974.22
    32.00    16.00    11.72   -78.33    98.15    -8.55    -8.47    -3.86    -2.65     0.69    31.18    15.61  1339.10  1018.39
    32.00    18.00    10.35   -78.14    97.37    -8.55    -8.50    -3.86    -2.80     0.60    31.18    17.55  1339.10  1062.29
    32.00    20.00     8.95   -77.94    96.58    -8.55    -8.51    -3.86    -2.94     0.52    31.18    19.50  1339.10  1105.74
    32.00    22.00     7.53   -77.74    95.80    -8.55    -8.52    -3.86    -3.09     0.43    31.18    21.45  1339.10  1148.49
    32.00    24.00     6.08   -77.54    95.03    -8.55    -8.53    -3.86    -3.25     0.35    31.18    23.39  1339.10  1190.26
    32.00    26.00     4.60   -77.33    94.25    -8.55    -8.54    -3.86    -3.40     0.26    31.18    25.34  1339.10  1230.68
    32.00    28.00     3.10   -77.12    93.48    -8.55    -8.54    -3.86    -3.55     0.17    31.18    27.29  1339.10  1269.34
    32.00    30.00     1.56   -76.90    92.71    -8.55    -8.55    -3.86    -3.71     0.09    31.18    29.23  1339.10  1305.70
    32.00    32.00     0.00   -76.68    91.94    -8.55    -8.55    -3.86    -3.86     0.00    31.18    31.18  1339.10  1339.10
    32.00    34.00    -1.59   -76.46    91.18    -8.55    -8.57    -3.86    -4.02    -0.09    31.18    33.14  1339.10  1368.75
    32.00    36.00    -3.22   -76.23    90.41    -8.55    -8.60    -3.86    -4.18    -0.17    31.18    35.09  1339.10  1393.61
    32.00    38.00    -4.89   -75.99    89.65    -8.55    -8.64    -3.86    -4.34    -0.26    31.18    37.06  1339.10  1412.41
    32.00     0.00    21.90   -79.76   104.55    -8.55    -8.00    -3.86    -1.50     1.38    31.18     0.00  1339.10   668.47
    32.00    -2.00    23.08   -79.93   105.36    -8.55    -7.90    -3.86    -1.36     1.47    31.18    -1.96  1339.10   626.21
    32.00    -4.00    24.23   -80.09   106.17    -8.55    -7.79    -3.86    -1.22     1.55    31.18    -3.91  1339.10   584.44
    32.00    -6.00    25.37   -80.25   106.99    -8.55    -7.68    -3.86    -1.09     1.64    31.18    -5.87  1339.10   543.18
    32.00    -8.00    26.49   -80.41   107.81    -8.55    -7.55    -3.86    -0.95     1.73    31.18    -7.83  1339.10   502.44
    32.00   -10.00    27.60   -80.56   108.63    -8.55    -7.41    -3.86    -0.82     1.81    31.18    -9.80  1339.10   462.24
    32.00   -12.00    28.68   -80.72   109.46    -8.55    -7.27    -3.86    -0.68     1.90    31.18   -11.76  1339.10   422.57
    32.00   -14.00    29.74   -80.87   110.29    -8.55    -7.12    -3.86    -0.55     1.99    31.18   -13.72  1339.10   383.43
    32.00   -16.00    30.79   -81.02   111.12    -8.55    -6.95    -3.86    -0.42     2.07    31.18   -15.69  1339.10   344.82
    32.00   -18.00    31.82   -81.16   111.95    -8.55    -6.78    -3.86    -0.29     2.16    31.18   -17.65  1339.10   306.73
    32.00   -20.00    32.84   -81.30   112.79    -8.55    -6.60    -3.86    -0.16     2.25    31.18   -19.62  1339.10   269.14
    32.00   -22.00    33.84   -81.44   113.62    -8.55    -6.41    -3.86    -0.03     2.34    31.18   -21.59  1339.10   232.03
    32.00   -24.00    34.82   -81.58   114.46    -8.55    -6.22    -3.86     0.10     2.42    31.18   -23.56  1339.10   195.39
    32.00   -26.00    35.78   -81.72   115.31    -8.55    -6.01    -3.86     0.23     2.51    31.18   -25.53  1339.10   159.18
    32.00   -28.00    36.73   -81.85   116.15    -8.55    -5.80    -3.86     0.35     2.60    31.18   -27.50  1339.10   123.38
    32.00   -30.00    37.67   -81.98   117.00    -8.55    -5.57    -3.86     0.48     2.68    31.18   -29.48  1339.10    87.95
    32.00   -32.00    38.58   -82.11   117.85    -8.55    -5.34    -3.86     0.60     2.77    31.18   -31.45  1339.10    52.84
    32.00   -34.00    39.49   -82.24   118.70    -8.55    -5.10    -3.86     0.72     2.86    31.18   -33.43  1339.10    18.01
    32.00   -36.00    39.95   -82.30   119.14    -8.55    -4.98    -3.86     0.79     2.90    31.18   -34.45  1339.10     0.00
    34.00     0.00    23.47   -79.48   103.84    -8.57    -8.00    -4.02    -1.50     1.47    33.14     0.00  1368.75   668.47
    34.00     2.00    22.27   -79.32   103.03    -8.57    -8.09    -4.02    -1.64     1.38    33.14     1.96  1368.75   711.19
    34.00     4.00    21.06   -79.15   102.22    -8.57    -8.17    -4.02    -1.78     1.30    33.14     3.91  1368.75   754.33
    34.00     6.00    19.82   -78.98   101.41    -8.57    -8.24    -4.02    -1.92     1.21    33.14     5.86  1368.75   797.84
    34.00     8.00    18.56   -78.80   100.61    -8.57    -8.30    -4.02    -2.07     1.12    33.14     7.81  1368.75   841.67
    34.00    10.00    17.28   -78.63    99.80    -8.57    -8.36    -4.02    -2.21     1.04    33.14     9.76  1368.75   885.74
    34.00    12.00    15.98   -78.45    99.01    -8.57    -8.40    -4.02    -2.35     0.95    33.14    11.71  1368.75   929.96
    34.00    14.00    14.66   -78.26    98.21    -8.57    -8.44    -4.02    -2.50     0.86    33.14    13.66  1368.75   974.22
    34.00    16.00    13.31   -78.08    97.42    -8.57    -8.47    -4.02    -2.65     0.78    33.14    15.61  1368.75  1018.39
    34.00    18.00    11.94   -77.89    96.63    -8.57    -8.50    -4.02    -2.80     0.69    33.14    17.55  1368.75  1062.29
    34.00    20.00    10.54   -77.69    95.84    -8.57    -8.51    -4.02    -2.94     0.61    33.14    19.50  1368.75  1105.74
    34.00    22.00     9.12   -77.50    95.06    -8.57    -8.52    -4.02    -3.09     0.52    33.14    21.45  1368.75  1148.49
    34.00    24.00     7.67   -77.30    94.27    -8.57    -8.53    -4.02    -3.25     0.43    33.14    23.39  1368.75  1190.26
    34.00    26.00     6.19   -77.09    93.50    -8.57    -8.54    -4.02    -3.40     0.35    33.14    25.34  1368.75  1230.68
    34.00    28.00     4.69   -76.88    92.72    -8.57    -8.54    -4.02    -3.55     0.26    33.14    27.29  1368.75  1269.34
    34.00    30.00     3.16   -76.67    91.95    -8.57    -8.55    -4.02    -3.71     0.17    33.14    29.23  1368.75  1305.70
    34.00    32.00     1.59   -76.46    91.18    -8.57    -8.55    -4.02    -3.86     0.09    33.14    31.18  1368.75  1339.10
    34.00    34.00     0.00   -76.23    90.41    -8.57    -8.57    -4.02    -4.02     0.00    33.14    33.14  1368.75  1368.75
    34.00    36.00    -1.63   -76.01    89.64    -8.57    -8.60    -4.02    -4.18    -0.09    33.14    35.09  1368.75  1393.61
    34.00    38.00    -3.29   -75.78    88.87    -8.57    -8.64    -4.02    -4.34    -0.17    33.14    37.06  1368.75  1412.41
    34.00     0.00    23.47   -79.48   103.84    -8.57    -8.00    -4.02    -1.50     1.47    33.14     0.00  1368.75   668.47
    34.00    -2.00    24.64   -79.64   104.65    -8.57    -7.90    -4.02    -1.36     1.55    33.14    -1.96  1368.75   626.21
    34.00    -4.00    25.79   -79.80   105.47    -8.57    -7.79    -4.02    -1.22     1.64    33.14    -3.91  1368.75   584.44
    34.00    -6.00    26.93   -79.96   106.29    -8.57    -7.68    -4.02    -1.09     1.73    33.14    -5.87  1368.75   543.18
    34.00    -8.00    28.05   -80.12   107.12    -8.57    -7.55    -4.02    -0.95     1.81    33.14    -7.83  1368.75   502.44
    34.00   -10.00    29.15   -80.27   107.94    -8.57    -7.41    -4.02    -0.82     1.90    33.14    -9.80  1368.75   462.24
    34.00   -12.00    30.23   -80.42   108.77    -8.57    -7.27    -4.02    -0.68     1.99    33.14   -11.76  1368.75   422.57
    34.00   -14.00    31.29   -80.56   109.60    -8.57    -7.12    -4.02    -0.55     2.07    33.14   -13.72  1368.75   383.43
    34.00   -16.00    32.33   -80.71   110.43    -8.57    -6.95    -4.02    -0.42     2.16    33.14   -15.69  1368.75   344.82
    34.00   -18.00    33.36   -80.85   111.27    -8.57    -6.78    -4.02    -0.29     2.25    33.14   -17.65  1368.75   306.73
    34.00   -20.00    34.37   -80.99   112.11    -8.57    -6.60    -4.02    -0.16     2.34    33.14   -19.62  1368.75   269.14
    34.00   -22.00    35.36   -81.13   112.95    -8.57    -6.41    -4.02    -0.03     2.42    33.14   -21.59  1368.75   232.03
    34.00   -24.00    36.34   -81.26   113.79    -8.57    -6.22    -4.02     0.10     2.51    33.14   -23.56  1368.75   195.39
    34.00   -26.00    37.30   -81.40   114.64    -8.57    -6.01    -4.02     0.23     2.60    33.14   -25.53  1368.75   159.18
    34.00   -28.00    38.25   -81.53   115.49    -8.57    -5.80    -4.02     0.35     2.68    33.14   -27.50  1368.75   123.38
    34.00   -30.00    39.17   -81.66   116.33    -8.57    -5.57    -4.02     0.48     2.77    33.14   -29.48  1368.75    87.95
    34.00   -32.00    40.09   -81.78   117.19    -8.57    -5.34    -4.02     0.60     2.86    33.14   -31.45  1368.75    52.84
    34.00   -34.00    40.99   -81.91   118.04    -8.57    -5.10    -4.02     0.72     2.95    33.14   -33.43  1368.75    18.01
    34.00   -36.00    41.45   -81.97   118.48    -8.57    -4.98    -4.02     0.79     2.99    33.14   -34.45  1368.75     0.00
    36.00     0.00    25.06   -79.20   103.13    -8.60    -8.00    -4.18    -1.50     1.56    35.09     0.00  1393.61   668.47
    36.00     2.00    23.87   -79.03   102.32    -8.60    -8.09    -4.18    -1.64     1.47    35.09     1.96  1393.61   711.19
    36.00     4.00    22.66   -78.87   101.50    -8.60    -8.17    -4.18    -1.78     1.38    35.09     3.91  1393.61   754.33
    36.00     6.00    21.42   -78.70   100.69    -8.60    -8.24    -4.18    -1.92     1.30    35.09     5.86  1393.61   797.84
    36.00     8.00    20.17   -78.53    99.89    -8.60    -8.30    -4.18    -2.07     1.21    35.09     7.81  1393.61   841.67
    36.00    10.00    18.89   -78.36    99.08    -8.60    -8.36    -4.18    -2.21     1.12    35.09     9.76  1393.61   885.74
    36.00    12.00    17.59   -78.18    98.28    -8.60    -8.40    -4.18    -2.35     1.04    35.09    11.71  1393.61   929.96
    36.00    14.00    16.27   -78.00    97.48    -8.60    -8.44    -4.18    -2.50     0.95    35.09    13.66  1393.61   974.22
    36.00    16.00    14.93   -77.82    96.68    -8.60    -8.47    -4.18    -2.65     0.86    35.09    15.61  1393.61  1018.39
    36.00    18.00    13.56   -77.63    95.89    -8.60    -8.50    -4.18    -2.80     0.78    35.09    17.55  1393.61  1062.29
    36.00    20.00    12.16   -77.44    95.10    -8.60    -8.51    -4.18    -2.94     0.69    35.09    19.50  1393.61  1105.74
    36.00    22.00    10.74   -77.25    94.31    -8.60    -8.52    -4.18    -3.09     0.61    35.09    21.45  1393.61  1148.49
    36.00    24.00     9.29   -77.05    93.53    -8.60    -8.53    -4.18    -3.25     0.52    35.09    23.39  1393.61  1190.26
    36.00    26.00     7.82   -76.85    92.74    -8.60    -8.54    -4.18    -3.40     0.43    35.09    25.34  1393.61  1230.68
    36.00    28.00     6.32   -76.65    91.96    -8.60    -8.54    -4.18    -3.55     0.35    35.09    27.29  1393.61  1269.34
    36.00    30.00     4.79   -76.44    91.19    -8.60    -8.55    -4.18    -3.71     0.26    35.09    29.23  1393.61  1305.70
    36.00    32.00     3.22   -76.23    90.41    -8.60    -8.55    -4.18    -3.86     0.17    35.09    31.18  1393.61  1339.10
    36.00    34.00     1.63   -76.01    89.64    -8.60    -8.57    -4.18    -4.02     0.09    35.09    33.14  1393.61  1368.75
    36.00    36.00     0.00   -75.79    88.87    -8.60    -8.60    -4.18    -4.18     0.00    35.09    35.09  1393.61  1393.61
    36.00    38.00    -1.66   -75.56    88.10    -8.60    -8.64    -4.18    -4.34    -0.09    35.09    37.06  1393.61  1412.41
    36.00     0.00    25.06   -79.20   103.13    -8.60    -8.00    -4.18    -1.50     1.56    35.09     0.00  1393.61   668.47
    36.00    -2.00    26.23   -79.35   103.95    -8.60    -7.90    -4.18    -1.36     1.64    35.09    -1.96  1393.61   626.21
    36.00    -4.00    27.38   -79.51   104.77    -8.60    -7.79    -4.18    -1.22     1.73    35.09    -3.91  1393.61   584.44
    36.00    -6.00    28.52   -79.66   105.60    -8.60    -7.68    -4.18    -1.09     1.82    35.09    -5.87  1393.61   543.18
    36.00    -8.00    29.63   -79.82   106.42    -8.60    -7.55    -4.18    -0.95     1.90    35.09    -7.83  1393.61   502.44
    36.00   -10.00    30.72   -79.97   107.25    -8.60    -7.41    -4.18    -0.82     1.99    35.09    -9.80  1393.61   462.24
    36.00   -12.00    31.80   -80.11   108.08    -8.60    -7.27    -4.18    -0.68     2.08    35.09   -11.76  1393.61   422.57
    36.00   -14.00    32.86   -80.26   108.92    -8.60    -7.12    -4.18    -0.55     2.16    35.09   -13.72  1393.61   383.43
    36.00   -16.00    33.90   -80.40   109.75    -8.60    -6.95    -4.18    -0.42     2.25    35.09   -15.69  1393.61   344.82
    36.00   -18.00    34.92   -80.54   110.59    -8.60    -6.78    -4.18    -0.29     2.34    35.09   -17.65  1393.61   306.73
    36.00   -20.00    35.93   -80.67   111.43    -8.60    -6.60    -4.18    -0.16     2.42    35.09   -19.62  1393.61   269.14
    36.00   -22.00    36.92   -80.81   112.28    -8.60    -6.41    -4.18    -0.03     2.51    35.09   -21.59  1393.61   232.03
    36.00   -24.00    37.89   -80.94   113.12    -8.60    -6.22    -4.18     0.10     2.60    35.09   -23.56  1393.61   195.39
    36.00   -26.00    38.84   -81.07   113.97    -8.60    -6.01    -4.18     0.23     2.68    35.09   -25.53  1393.61   159.18
    36.00   -28.00    39.78   -81.20   114.82    -8.60    -5.80    -4.18     0.35     2.77    35.09   -27.50  1393.61   123.38
    36.00   -30.00    40.71   -81.32   115.67    -8.60    -5.57    -4.18     0.48     2.86    35.09   -29.48  1393.61    87.95
    36.00   -32.00    41.62   -81.45   116.53    -8.60    -5.34    -4.18     0.60     2.95    35.09   -31.45  1393.61    52.84
    36.00   -34.00    42.51   -81.57   117.39    -8.60    -5.10    -4.18     0.72     3.03    35.09   -33.43  1393.61    18.01
    36.00   -36.00    42.97   -81.63   117.83    -8.60    -4.98    -4.18     0.79     3.08    35.09   -34.45  1393.61     0.00
    38.00     0.00    26.69   -78.90   102.43    -8.64    -8.00    -4.34    -1.50     1.64    37.06     0.00  1412.41   668.47
    38.00     2.00    25.50   -78.74   101.61    -8.64    -8.09    -4.34    -1.64     1.56    37.06     1.96  1412.41   711.19
    38.00     4.00    24.29   -78.58   100.79    -8.64    -8.17    -4.34    -1.78     1.47    37.06     3.91  1412.41   754.33
    38.00     6.00    23.06   -78.42    99.98    -8.64    -8.24    -4.34    -1.92     1.38    37.06     5.86  1412.41   797.84
    38.00     8.00    21.81   -78.25    99.17    -8.64    -8.30    -4.34    -2.07     1.30    37.06     7.81  1412.41   841.67
    38.00    10.00    20.54   -78.08    98.36    -8.64    -8.36    -4.34    -2.21     1.21    37.06     9.76  1412.41   885.74
    38.00    12.00    19.24   -77.91    97.55    -8.64    -8.40    -4.34    -2.35     1.12    37.06    11.71  1412.41   929.96
    38.00    14.00    17.92   -77.73    96.75    -8.64    -8.44    -4.34    -2.50     1.04    37.06    13.66  1412.41   974.22
    38.00    16.00    16.58   -77.55    95.95    -8.64    -8.47    -4.34    -2.65     0.95    37.06    15.61  1412.41  1018.39
    38.00    18.00    15.21   -77.37    95.15    -8.64    -8.50    -4.34    -2.80     0.87    37.06    17.55  1412.41  1062.29
    38.00    20.00    13.82   -77.18    94.36    -8.64    -8.51    -4.34    -2.94     0.78    37.06    19.50  1412.41  1105.74
    38.00    22.00    12.40   -76.99    93.57    -8.64    -8.52    -4.34    -3.09     0.69    37.06    21.45  1412.41  1148.49
    38.00    24.00    10.95   -76.80    92.78    -8.64    -8.53    -4.34    -3.25     0.61    37.06    23.39  1412.41  1190.26
    38.00    26.00     9.48   -76.61    91.99    -8.64    -8.54    -4.34    -3.40     0.52    37.06    25.34  1412.41  1230.68
    38.00    28.00     7.98   -76.40    91.21    -8.64    -8.54    -4.34    -3.55     0.43    37.06    27.29  1412.41  1269.34
    38.00    30.00     6.45   -76.20    90.43    -8.64    -8.55    -4.34    -3.71     0.35    37.06    29.23  1412.41  1305.70
    38.00    32.00     4.89   -75.99    89.65    -8.64    -8.55    -4.34    -3.86     0.26    37.06    31.18  1412.41  1339.10
    38.00    34.00     3.29   -75.78    88.87    -8.64    -8.57    -4.34    -4.02     0.17    37.06    33.14  1412.41  1368.75
    38.00    36.00     1.66   -75.56    88.10    -8.64    -8.60    -4.34    -4.18     0.09    37.06    35.09  1412.41  1393.61
    38.00    38.00     0.00   -75.34    87.32    -8.64    -8.64    -4.34    -4.34     0.00    37.06    37.06  1412.41  1412.41
    38.00     0.00    26.69   -78.90   102.43    -8.64    -8.00    -4.34    -1.50     1.64    37.06     0.00  1412.41   668.47
    38.00    -2.00    27.86   -79.06   103.25    -8.64    -7.90    -4.34    -1.36     1.73    37.06    -1.96  1412.41   626.21
    38.00    -4.00    29.00   -79.21   104.07    -8.64    -7.79    -4.34    -1.22     1.82    37.06    -3.91  1412.41   584.44
    38.00    -6.00    30.13   -79.36   104.90    -8.64    -7.68    -4.34    -1.09     1.90    37.06    -5.87  1412.41   543.18
    38.00    -8.00    31.24   -79.51   105.73    -8.64    -7.55    -4.34    -0.95     1.99    37.06    -7.83  1412.41   502.44
    38.00   -10.00    32.33   -79.66   106.56    -8.64    -7.41    -4.34    -0.82     2.08    37.06    -9.80  1412.41   462.24
    38.00   -12.00    33.40   -79.80   107.40    -8.64    -7.27    -4.34    -0.68     2.16    37.06   -11.76  1412.41   422.57
    38.00   -14.00    34.46   -79.94   108.24    -8.64    -7.12    -4.34    -0.55     2.25    37.06   -13.72  1412.41   383.43
    38.00   -16.00    35.49   -80.08   109.08    -8.64    -6.95    -4.34    -0.42     2.34    37.06   -15.69  1412.41   344.82
    38.00   -18.00    36.51   -80.22   109.92    -8.64    -6.78    -4.34    -0.29     2.42    37.06   -17.65  1412.41   306.73
    38.00   -20.00    37.51   -80.35   110.76    -8.64    -6.60    -4.34    -0.16     2.51    37.06   -19.62  1412.41   269.14
    38.00   -22.00    38.50   -80.48   111.61    -8.64    -6.41    -4.34    -0.03     2.60    37.06   -21.59  1412.41   232.03
    38.00   -24.00    39.46   -80.61   112.46    -8.64    -6.22    -4.34     0.10     2.68    37.06   -23.56  1412.41   195.39
    38.00   -26.00    40.42   -80.74   113.31    -8.64    -6.01    -4.34     0.23     2.77    37.06   -25.53  1412.41   159.18
    38.00   -28.00    41.35   -80.86   114.16    -8.64    -5.80    -4.34     0.35     2.86    37.06   -27.50  1412.41   123.38
    38.00   -30.00    42.27   -80.98   115.02    -8.64    -5.57    -4.34     0.48     2.95    37.06   -29.48  1412.41    87.95
    38.00   -32.00    43.18   -81.11   115.87    -8.64    -5.34    -4.34     0.60     3.03    37.06   -31.45  1412.41    52.84
    38.00   -34.00    44.06   -81.22   116.73    -8.64    -5.10    -4.34     0.72     3.12    37.06   -33.43  1412.41    18.01
    38.00   -36.00    44.52   -81.28   117.18    -8.64    -4.98    -4.34     0.79     3.17    37.06   -34.45  1412.41     0.00
