
  ----------------------------------------------------------------------------------------------------------------------------
  IPGKinematics  Version 3.6.7                                            Model: Querlenker                                   
  ----------------------------------------------------------------------------------------------------------------------------

   Table: Compliance - Torque Z at Wheel Center                           FSE06 rear suspension                               

   WhTra  TorquZ_L TorquZ_R   TraX_L   TraX_R   TraY_L   TraY_R   TraZ_L   TraZ_R   RotX_L   RotX_R   RotY_L   RotY_R   RotZ_L   RotZ_R WhlLoadL WhlLoadR
     [mm]     [Nm]     [Nm]     [mm]     [mm]     [mm]     [mm]     [mm]     [mm]    [deg]    [deg]    [deg]    [deg]    [deg]    [deg]      [N]      [N]

     0.00   100.00     0.00    -0.63     0.00     0.00     0.00    -0.08     0.00     1.16    -1.30    -0.10     0.00     0.73     0.20   719.90   712.01
     0.00  -100.00     0.00     0.63     0.00    -0.01     0.00     0.08     0.00     1.44    -1.30     0.10     0.00    -1.12     0.20   704.04   712.01
     0.00     0.00   100.00     0.00     0.63     0.00     0.01     0.00     0.08     1.30    -1.44     0.00     0.10    -0.20     1.12   712.01   704.04
     0.00     0.00  -100.00     0.00    -0.63     0.00     0.00     0.00    -0.08     1.30    -1.16     0.00    -0.10    -0.20    -0.73   712.01   719.90
     2.00   100.00     0.00    -0.70    -0.07    -0.09     0.09     1.43     1.51     1.30    -1.44    -0.03     0.07     0.71     0.21   767.01   759.48
     2.00  -100.00     0.00     0.55    -0.07    -0.11     0.09     1.58     1.51     1.58    -1.44     0.17     0.07    -1.13     0.21   751.85   759.48
     2.00     0.00   100.00    -0.07     0.55    -0.09     0.11     1.51     1.58     1.44    -1.58     0.07     0.17    -0.21     1.13   759.48   751.85
     2.00     0.00  -100.00    -0.07    -0.70    -0.09     0.09     1.51     1.43     1.44    -1.30     0.07    -0.03    -0.21    -0.71   759.48   767.01
     4.00   100.00     0.00    -0.78    -0.15    -0.19     0.19     2.93     3.01     1.44    -1.58     0.04     0.14     0.70     0.22   814.35   807.18
     4.00  -100.00     0.00     0.48    -0.15    -0.21     0.19     3.08     3.01     1.71    -1.58     0.24     0.14    -1.14     0.22   799.88   807.18
     4.00     0.00   100.00    -0.15     0.48    -0.19     0.21     3.01     3.08     1.58    -1.71     0.14     0.24    -0.22     1.14   807.18   799.88
     4.00     0.00  -100.00    -0.15    -0.78    -0.19     0.19     3.01     2.93     1.58    -1.44     0.14     0.04    -0.22    -0.70   807.18   814.35
     6.00   100.00     0.00    -0.85    -0.22    -0.30     0.30     4.44     4.51     1.58    -1.72     0.11     0.21     0.69     0.23   861.91   855.09
     6.00  -100.00     0.00     0.41    -0.22    -0.31     0.30     4.57     4.51     1.85    -1.72     0.31     0.21    -1.15     0.23   848.13   855.09
     6.00     0.00   100.00    -0.22     0.41    -0.30     0.31     4.51     4.57     1.72    -1.85     0.21     0.31    -0.23     1.15   855.09   848.13
     6.00     0.00  -100.00    -0.22    -0.85    -0.30     0.30     4.51     4.44     1.72    -1.58     0.21     0.11    -0.23    -0.69   855.09   861.91
     8.00   100.00     0.00    -0.93    -0.30    -0.41     0.41     5.94     6.00     1.72    -1.86     0.18     0.28     0.68     0.24   909.66   903.19
     8.00  -100.00     0.00     0.33    -0.30    -0.42     0.41     6.07     6.00     1.99    -1.86     0.38     0.28    -1.16     0.24   896.57   903.19
     8.00     0.00   100.00    -0.30     0.33    -0.41     0.42     6.00     6.07     1.86    -1.99     0.28     0.38    -0.24     1.16   903.19   896.57
     8.00     0.00  -100.00    -0.30    -0.93    -0.41     0.41     6.00     5.94     1.86    -1.72     0.28     0.18    -0.24    -0.68   903.19   909.66
    10.00   100.00     0.00    -1.00    -0.37    -0.52     0.53     7.44     7.49     1.86    -2.00     0.25     0.35     0.68     0.25   957.58   951.46
    10.00  -100.00     0.00     0.26    -0.37    -0.54     0.53     7.56     7.49     2.13    -2.00     0.45     0.35    -1.17     0.25   945.18   951.46
    10.00     0.00   100.00    -0.37     0.26    -0.53     0.54     7.49     7.56     2.00    -2.13     0.35     0.45    -0.25     1.17   951.46   945.18
    10.00     0.00  -100.00    -0.37    -1.00    -0.53     0.52     7.49     7.44     2.00    -1.86     0.35     0.25    -0.25    -0.68   951.46   957.58
    12.00   100.00     0.00    -1.08    -0.45    -0.65     0.65     8.93     8.99     2.00    -2.13     0.32     0.42     0.67     0.26  1005.65   999.89
    12.00  -100.00     0.00     0.18    -0.45    -0.66     0.65     9.04     8.99     2.26    -2.13     0.52     0.42    -1.18     0.26   993.94   999.89
    12.00     0.00   100.00    -0.45     0.18    -0.65     0.66     8.99     9.04     2.13    -2.26     0.42     0.52    -0.26     1.18   999.89   993.94
    12.00     0.00  -100.00    -0.45    -1.08    -0.65     0.65     8.99     8.93     2.13    -2.00     0.42     0.32    -0.26    -0.67   999.89  1005.65
    14.00   100.00     0.00    -1.15    -0.52    -0.78     0.78    10.42    10.47     2.14    -2.27     0.39     0.49     0.66     0.27  1053.84  1048.43
    14.00  -100.00     0.00     0.11    -0.52    -0.79     0.78    10.53    10.47     2.40    -2.27     0.59     0.49    -1.19     0.27  1042.82  1048.43
    14.00     0.00   100.00    -0.52     0.11    -0.78     0.79    10.47    10.53     2.27    -2.40     0.49     0.59    -0.27     1.19  1048.43  1042.82
    14.00     0.00  -100.00    -0.52    -1.15    -0.78     0.78    10.47    10.42     2.27    -2.14     0.49     0.39    -0.27    -0.66  1048.43  1053.84
    16.00   100.00     0.00    -1.23    -0.60    -0.91     0.91    11.91    11.96     2.28    -2.41     0.47     0.56     0.65     0.28  1102.12  1097.07
    16.00  -100.00     0.00     0.04    -0.60    -0.92     0.91    12.01    11.96     2.54    -2.41     0.66     0.56    -1.20     0.28  1091.80  1097.07
    16.00     0.00   100.00    -0.60     0.04    -0.91     0.92    11.96    12.01     2.41    -2.54     0.56     0.66    -0.28     1.20  1097.07  1091.80
    16.00     0.00  -100.00    -0.60    -1.23    -0.91     0.91    11.96    11.91     2.41    -2.28     0.56     0.47    -0.28    -0.65  1097.07  1102.12
    18.00   100.00     0.00    -1.30    -0.67    -1.05     1.05    13.40    13.45     2.42    -2.55     0.54     0.63     0.64     0.29  1150.47  1145.77
    18.00  -100.00     0.00    -0.04    -0.67    -1.06     1.05    13.49    13.45     2.67    -2.55     0.74     0.63    -1.21     0.29  1140.84  1145.77
    18.00     0.00   100.00    -0.67    -0.04    -1.05     1.06    13.45    13.49     2.55    -2.67     0.63     0.74    -0.29     1.21  1145.77  1140.84
    18.00     0.00  -100.00    -0.67    -1.30    -1.05     1.05    13.45    13.40     2.55    -2.42     0.63     0.54    -0.29    -0.64  1145.77  1150.47
    20.00   100.00     0.00    -1.38    -0.75    -1.20     1.20    14.89    14.93     2.56    -2.69     0.61     0.71     0.63     0.30  1198.84  1194.50
    20.00  -100.00     0.00    -0.11    -0.75    -1.21     1.20    14.97    14.93     2.81    -2.69     0.81     0.71    -1.22     0.30  1189.91  1194.50
    20.00     0.00   100.00    -0.75    -0.11    -1.20     1.21    14.93    14.97     2.69    -2.81     0.71     0.81    -0.30     1.22  1194.50  1189.91
    20.00     0.00  -100.00    -0.75    -1.38    -1.20     1.20    14.93    14.89     2.69    -2.56     0.71     0.61    -0.30    -0.63  1194.50  1198.84
    22.00   100.00     0.00    -1.45    -0.82    -1.35     1.35    16.38    16.41     2.70    -2.82     0.68     0.78     0.62     0.31  1247.19  1243.22
    22.00  -100.00     0.00    -0.19    -0.82    -1.36     1.35    16.45    16.41     2.95    -2.82     0.88     0.78    -1.23     0.31  1238.97  1243.22
    22.00     0.00   100.00    -0.82    -0.19    -1.35     1.36    16.41    16.45     2.82    -2.95     0.78     0.88    -0.31     1.23  1243.22  1238.97
    22.00     0.00  -100.00    -0.82    -1.45    -1.35     1.35    16.41    16.38     2.82    -2.70     0.78     0.68    -0.31    -0.62  1243.22  1247.19
    24.00   100.00     0.00    -1.53    -0.90    -1.51     1.51    17.87    17.90     2.84    -2.96     0.75     0.85     0.62     0.31  1295.49  1291.88
    24.00  -100.00     0.00    -0.26    -0.90    -1.52     1.51    17.93    17.90     3.08    -2.96     0.95     0.85    -1.24     0.31  1287.97  1291.88
    24.00     0.00   100.00    -0.90    -0.26    -1.51     1.52    17.90    17.93     2.96    -3.08     0.85     0.95    -0.31     1.24  1291.88  1287.97
    24.00     0.00  -100.00    -0.90    -1.53    -1.51     1.51    17.90    17.87     2.96    -2.84     0.85     0.75    -0.31    -0.62  1291.88  1295.49
    26.00   100.00     0.00    -1.61    -0.97    -1.67     1.67    19.36    19.38     2.98    -3.10     0.82     0.92     0.61     0.32  1343.69  1340.43
    26.00  -100.00     0.00    -0.34    -0.97    -1.68     1.67    19.40    19.38     3.22    -3.10     1.02     0.92    -1.25     0.32  1336.88  1340.43
    26.00     0.00   100.00    -0.97    -0.34    -1.67     1.68    19.38    19.40     3.10    -3.22     0.92     1.02    -0.32     1.25  1340.43  1336.88
    26.00     0.00  -100.00    -0.97    -1.61    -1.67     1.67    19.38    19.36     3.10    -2.98     0.92     0.82    -0.32    -0.61  1340.43  1343.69
    28.00   100.00     0.00    -1.68    -1.05    -1.84     1.84    20.84    20.86     3.12    -3.24     0.89     0.99     0.60     0.33  1391.72  1388.83
    28.00  -100.00     0.00    -0.41    -1.05    -1.85     1.84    20.88    20.86     3.36    -3.24     1.09     0.99    -1.26     0.33  1385.63  1388.83
    28.00     0.00   100.00    -1.05    -0.41    -1.84     1.85    20.86    20.88     3.24    -3.36     0.99     1.09    -0.33     1.26  1388.83  1385.63
    28.00     0.00  -100.00    -1.05    -1.68    -1.84     1.84    20.86    20.84     3.24    -3.12     0.99     0.89    -0.33    -0.60  1388.83  1391.72
    30.00   100.00     0.00    -1.76    -1.12    -2.02     2.02    22.33    22.35     3.26    -3.38     0.96     1.06     0.59     0.34  1439.53  1437.02
    30.00  -100.00     0.00    -0.49    -1.12    -2.03     2.02    22.36    22.35     3.49    -3.38     1.16     1.06    -1.26     0.34  1434.17  1437.02
    30.00     0.00   100.00    -1.12    -0.49    -2.02     2.03    22.35    22.36     3.38    -3.49     1.06     1.16    -0.34     1.26  1437.02  1434.17
    30.00     0.00  -100.00    -1.12    -1.76    -2.02     2.02    22.35    22.33     3.38    -3.26     1.06     0.96    -0.34    -0.59  1437.02  1439.53
    32.00   100.00     0.00    -1.84    -1.20    -2.20     2.20    23.83    23.84     3.40    -3.51     1.03     1.13     0.59     0.34  1487.06  1484.92
    32.00  -100.00     0.00    -0.56    -1.20    -2.21     2.20    23.85    23.84     3.63    -3.51     1.24     1.13    -1.27     0.34  1482.43  1484.92
    32.00     0.00   100.00    -1.20    -0.56    -2.20     2.21    23.84    23.85     3.51    -3.63     1.13     1.24    -0.34     1.27  1484.92  1482.43
    32.00     0.00  -100.00    -1.20    -1.84    -2.20     2.20    23.84    23.83     3.51    -3.40     1.13     1.03    -0.34    -0.59  1484.92  1487.06
    -2.00   100.00     0.00    -0.55     0.07     0.09    -0.09    -1.60    -1.51     1.02    -1.16    -0.17    -0.07     0.74     0.19   673.03   664.79
    -2.00  -100.00     0.00     0.70     0.07     0.07    -0.09    -1.42    -1.51     1.30    -1.16     0.03    -0.07    -1.11     0.19   656.48   664.79
    -2.00     0.00   100.00     0.07     0.70     0.09    -0.07    -1.51    -1.42     1.16    -1.30    -0.07     0.03    -0.19     1.11   664.79   656.48
    -2.00     0.00  -100.00     0.07    -0.55     0.09    -0.09    -1.51    -1.60     1.16    -1.02    -0.07    -0.17    -0.19    -0.74   664.79   673.03
    -4.00   100.00     0.00    -0.48     0.15     0.17    -0.17    -3.11    -3.02     0.88    -1.02    -0.24    -0.14     0.75     0.18   626.42   617.82
    -4.00  -100.00     0.00     0.78     0.15     0.16    -0.17    -2.93    -3.02     1.16    -1.02    -0.04    -0.14    -1.10     0.18   609.18   617.82
    -4.00     0.00   100.00     0.15     0.78     0.17    -0.16    -3.02    -2.93     1.02    -1.16    -0.14    -0.04    -0.18     1.10   617.82   609.18
    -4.00     0.00  -100.00     0.15    -0.48     0.17    -0.17    -3.02    -3.11     1.02    -0.88    -0.14    -0.24    -0.18    -0.75   617.82   626.42
    -6.00   100.00     0.00    -0.40     0.22     0.25    -0.24    -4.63    -4.54     0.74    -0.88    -0.31    -0.21     0.76     0.17   580.09   571.13
    -6.00  -100.00     0.00     0.85     0.22     0.23    -0.24    -4.44    -4.54     1.02    -0.88    -0.11    -0.21    -1.09     0.17   562.14   571.13
    -6.00     0.00   100.00     0.22     0.85     0.24    -0.23    -4.54    -4.44     0.88    -1.02    -0.21    -0.11    -0.17     1.09   571.13   562.14
    -6.00     0.00  -100.00     0.22    -0.40     0.24    -0.25    -4.54    -4.63     0.88    -0.74    -0.21    -0.31    -0.17    -0.76   571.13   580.09
    -8.00   100.00     0.00    -0.33     0.30     0.32    -0.31    -6.16    -6.06     0.59    -0.74    -0.38    -0.28     0.77     0.16   534.03   524.72
    -8.00  -100.00     0.00     0.92     0.30     0.30    -0.31    -5.96    -6.06     0.88    -0.74    -0.19    -0.28    -1.08     0.16   515.39   524.72
    -8.00     0.00   100.00     0.30     0.92     0.31    -0.30    -6.06    -5.96     0.74    -0.88    -0.28    -0.19    -0.16     1.08   524.72   515.39
    -8.00     0.00  -100.00     0.30    -0.33     0.31    -0.32    -6.06    -6.16     0.74    -0.59    -0.28    -0.38    -0.16    -0.77   524.72   534.03
   -10.00   100.00     0.00    -0.25     0.37     0.38    -0.38    -7.69    -7.58     0.45    -0.60    -0.45    -0.35     0.78     0.14   488.27   478.60
   -10.00  -100.00     0.00     1.00     0.37     0.37    -0.38    -7.47    -7.58     0.74    -0.60    -0.26    -0.35    -1.07     0.14   468.93   478.60
   -10.00     0.00   100.00     0.37     1.00     0.38    -0.37    -7.58    -7.47     0.60    -0.74    -0.35    -0.26    -0.14     1.07   478.60   468.93
   -10.00     0.00  -100.00     0.37    -0.25     0.38    -0.38    -7.58    -7.69     0.60    -0.45    -0.35    -0.45    -0.14    -0.78   478.60   488.27
   -12.00   100.00     0.00    -0.18     0.45     0.44    -0.44    -9.22    -9.11     0.31    -0.45    -0.52    -0.42     0.79     0.13   442.82   432.78
   -12.00  -100.00     0.00     1.07     0.45     0.42    -0.44    -9.00    -9.11     0.60    -0.45    -0.33    -0.42    -1.05     0.13   422.77   432.78
   -12.00     0.00   100.00     0.45     1.07     0.44    -0.42    -9.11    -9.00     0.45    -0.60    -0.42    -0.33    -0.13     1.05   432.78   422.77
   -12.00     0.00  -100.00     0.45    -0.18     0.44    -0.44    -9.11    -9.22     0.45    -0.31    -0.42    -0.52    -0.13    -0.79   432.78   442.82
   -14.00   100.00     0.00    -0.10     0.52     0.49    -0.49   -10.76   -10.64     0.16    -0.31    -0.59    -0.49     0.80     0.12   397.67   387.27
   -14.00  -100.00     0.00     1.15     0.52     0.48    -0.49   -10.53   -10.64     0.46    -0.31    -0.40    -0.49    -1.04     0.12   376.92   387.27
   -14.00     0.00   100.00     0.52     1.15     0.49    -0.48   -10.64   -10.53     0.31    -0.46    -0.49    -0.40    -0.12     1.04   387.27   376.92
   -14.00     0.00  -100.00     0.52    -0.10     0.49    -0.49   -10.64   -10.76     0.31    -0.16    -0.49    -0.59    -0.12    -0.80   387.27   397.67
   -16.00   100.00     0.00    -0.03     0.60     0.53    -0.53   -12.30   -12.18     0.02    -0.17    -0.66    -0.56     0.82     0.11   352.83   342.07
   -16.00  -100.00     0.00     1.22     0.60     0.52    -0.53   -12.06   -12.18     0.32    -0.17    -0.47    -0.56    -1.03     0.11   331.38   342.07
   -16.00     0.00   100.00     0.60     1.22     0.53    -0.52   -12.18   -12.06     0.17    -0.32    -0.56    -0.47    -0.11     1.03   342.07   331.38
   -16.00     0.00  -100.00     0.60    -0.03     0.53    -0.53   -12.18   -12.30     0.17    -0.02    -0.56    -0.66    -0.11    -0.82   342.07   352.83
   -18.00   100.00     0.00     0.05     0.67     0.57    -0.57   -13.84   -13.72    -0.12    -0.03    -0.73    -0.63     0.83     0.10   308.32   297.19
   -18.00  -100.00     0.00     1.30     0.67     0.56    -0.57   -13.59   -13.72     0.18    -0.03    -0.54    -0.63    -1.02     0.10   286.16   297.19
   -18.00     0.00   100.00     0.67     1.30     0.57    -0.56   -13.72   -13.59     0.03    -0.18    -0.63    -0.54    -0.10     1.02   297.19   286.16
   -18.00     0.00  -100.00     0.67     0.05     0.57    -0.57   -13.72   -13.84     0.03     0.12    -0.63    -0.73    -0.10    -0.83   297.19   308.32
   -20.00   100.00     0.00     0.12     0.75     0.60    -0.60   -15.39   -15.26    -0.27     0.12    -0.80    -0.70     0.84     0.08   264.14   252.64
   -20.00  -100.00     0.00     1.37     0.75     0.59    -0.60   -15.13   -15.26     0.03     0.12    -0.61    -0.70    -1.00     0.08   241.26   252.64
   -20.00     0.00   100.00     0.75     1.37     0.60    -0.59   -15.26   -15.13    -0.12    -0.03    -0.70    -0.61    -0.08     1.00   252.64   241.26
   -20.00     0.00  -100.00     0.75     0.12     0.60    -0.60   -15.26   -15.39    -0.12     0.27    -0.70    -0.80    -0.08    -0.84   252.64   264.14
   -22.00   100.00     0.00     0.20     0.82     0.63    -0.63   -16.95   -16.81    -0.42     0.26    -0.87    -0.78     0.85     0.07   220.28   208.42
   -22.00  -100.00     0.00     1.44     0.82     0.62    -0.63   -16.68   -16.81    -0.11     0.26    -0.68    -0.78    -0.99     0.07   196.68   208.42
   -22.00     0.00   100.00     0.82     1.44     0.63    -0.62   -16.81   -16.68    -0.26     0.11    -0.78    -0.68    -0.07     0.99   208.42   196.68
   -22.00     0.00  -100.00     0.82     0.20     0.63    -0.63   -16.81   -16.95    -0.26     0.42    -0.78    -0.87    -0.07    -0.85   208.42   220.28
   -24.00   100.00     0.00     0.27     0.90     0.65    -0.65   -18.50   -18.36    -0.56     0.40    -0.94    -0.85     0.87     0.06   176.75   164.52
   -24.00  -100.00     0.00     1.52     0.90     0.64    -0.65   -18.23   -18.36    -0.25     0.40    -0.75    -0.85    -0.98     0.06   152.44   164.52
   -24.00     0.00   100.00     0.90     1.52     0.65    -0.64   -18.36   -18.23    -0.40     0.25    -0.85    -0.75    -0.06     0.98   164.52   152.44
   -24.00     0.00  -100.00     0.90     0.27     0.65    -0.65   -18.36   -18.50    -0.40     0.56    -0.85    -0.94    -0.06    -0.87   164.52   176.75
   -26.00   100.00     0.00     0.35     0.97     0.66    -0.66   -20.07   -19.92    -0.71     0.55    -1.01    -0.92     0.88     0.04   133.56   120.96
   -26.00  -100.00     0.00     1.59     0.97     0.66    -0.66   -19.78   -19.92    -0.39     0.55    -0.82    -0.92    -0.96     0.04   108.53   120.96
   -26.00     0.00   100.00     0.97     1.59     0.66    -0.66   -19.92   -19.78    -0.55     0.39    -0.92    -0.82    -0.04     0.96   120.96   108.53
   -26.00     0.00  -100.00     0.97     0.35     0.66    -0.66   -19.92   -20.07    -0.55     0.71    -0.92    -1.01    -0.04    -0.88   120.96   133.56
   -28.00   100.00     0.00     0.42     1.05     0.67    -0.67   -21.63   -21.48    -0.85     0.69    -1.08    -0.99     0.89     0.03    90.71    77.73
   -28.00  -100.00     0.00     1.67     1.05     0.66    -0.67   -21.34   -21.48    -0.54     0.69    -0.89    -0.99    -0.95     0.03    64.95    77.73
   -28.00     0.00   100.00     1.05     1.67     0.67    -0.66   -21.48   -21.34    -0.69     0.54    -0.99    -0.89    -0.03     0.95    77.73    64.95
   -28.00     0.00  -100.00     1.05     0.42     0.67    -0.67   -21.48   -21.63    -0.69     0.85    -0.99    -1.08    -0.03    -0.89    77.73    90.71
   -30.00   100.00     0.00     0.50     1.12     0.67    -0.67   -23.21   -23.05    -1.00     0.84    -1.15    -1.06     0.91     0.02    48.18    34.83
   -30.00  -100.00     0.00     1.74     1.12     0.67    -0.67   -22.90   -23.05    -0.68     0.84    -0.97    -1.06    -0.94     0.02    21.69    34.83
   -30.00     0.00   100.00     1.12     1.74     0.67    -0.67   -23.05   -22.90    -0.84     0.68    -1.06    -0.97    -0.02     0.94    34.83    21.69
   -30.00     0.00  -100.00     1.12     0.50     0.67    -0.67   -23.05   -23.21    -0.84     1.00    -1.06    -1.15    -0.02    -0.91    34.83    48.18
   -32.00   100.00     0.00     0.58     1.18     0.66    -0.67   -24.78   -24.33    -1.15     0.96    -1.22    -1.12     0.92     0.01     5.99     0.00
   -32.00  -100.00     0.00     1.78     1.18     0.66    -0.67   -23.69   -24.33    -0.76     0.96    -1.00    -1.12    -0.93     0.01     0.00     0.00
   -32.00     0.00   100.00     1.18     1.78     0.67    -0.66   -24.33   -23.69    -0.96     0.76    -1.12    -1.00    -0.01     0.93     0.00     0.00
   -32.00     0.00  -100.00     1.18     0.58     0.67    -0.66   -24.33   -24.78    -0.96     1.15    -1.12    -1.22    -0.01    -0.92     0.00     5.99
   -34.00   100.00     0.00     0.59     1.18     0.66    -0.67   -25.01   -24.33    -1.17     0.96    -1.23    -1.12     0.92     0.01     0.00     0.00
   -34.00  -100.00     0.00     1.78     1.18     0.66    -0.67   -23.69   -24.33    -0.76     0.96    -1.00    -1.12    -0.93     0.01     0.00     0.00
   -34.00     0.00   100.00     1.18     1.78     0.67    -0.66   -24.33   -23.69    -0.96     0.76    -1.12    -1.00    -0.01     0.93     0.00     0.00
   -34.00     0.00  -100.00     1.18     0.59     0.67    -0.66   -24.33   -25.01    -0.96     1.17    -1.12    -1.23    -0.01    -0.92     0.00     0.00
   -36.00   100.00     0.00     0.59     1.18     0.66    -0.67   -25.01   -24.33    -1.17     0.96    -1.23    -1.12     0.92     0.01     0.00     0.00
   -36.00  -100.00     0.00     1.78     1.18     0.66    -0.67   -23.69   -24.33    -0.76     0.96    -1.00    -1.12    -0.93     0.01     0.00     0.00
   -36.00     0.00   100.00     1.18     1.78     0.67    -0.66   -24.33   -23.69    -0.96     0.76    -1.12    -1.00    -0.01     0.93     0.00     0.00
   -36.00     0.00  -100.00     1.18     0.59     0.67    -0.66   -24.33   -25.01    -0.96     1.17    -1.12    -1.23    -0.01    -0.92     0.00     0.00
   -38.00   100.00     0.00     0.59     1.18     0.66    -0.67   -25.01   -24.33    -1.17     0.96    -1.23    -1.12     0.92     0.01     0.00     0.00
   -38.00  -100.00     0.00     1.78     1.18     0.66    -0.67   -23.69   -24.33    -0.76     0.96    -1.00    -1.12    -0.93     0.01     0.00     0.00
   -38.00     0.00   100.00     1.18     1.78     0.67    -0.66   -24.33   -23.69    -0.96     0.76    -1.12    -1.00    -0.01     0.93     0.00     0.00
   -38.00     0.00  -100.00     1.18     0.59     0.67    -0.66   -24.33   -25.01    -0.96     1.17    -1.12    -1.23    -0.01    -0.92     0.00     0.00
   -40.00   100.00     0.00     0.59     1.18     0.66    -0.67   -25.01   -24.33    -1.17     0.96    -1.23    -1.12     0.92     0.01     0.00     0.00
   -40.00  -100.00     0.00     1.78     1.18     0.66    -0.67   -23.69   -24.33    -0.76     0.96    -1.00    -1.12    -0.93     0.01     0.00     0.00
   -40.00     0.00   100.00     1.18     1.78     0.67    -0.66   -24.33   -23.69    -0.96     0.76    -1.12    -1.00    -0.01     0.93     0.00     0.00
   -40.00     0.00  -100.00     1.18     0.59     0.67    -0.66   -24.33   -25.01    -0.96     1.17    -1.12    -1.23    -0.01    -0.92     0.00     0.00
   -42.00   100.00     0.00     0.59     1.18     0.66    -0.67   -25.01   -24.33    -1.17     0.96    -1.23    -1.12     0.92     0.01     0.00     0.00
   -42.00  -100.00     0.00     1.78     1.18     0.66    -0.67   -23.69   -24.33    -0.76     0.96    -1.00    -1.12    -0.93     0.01     0.00     0.00
   -42.00     0.00   100.00     1.18     1.78     0.67    -0.66   -24.33   -23.69    -0.96     0.76    -1.12    -1.00    -0.01     0.93     0.00     0.00
   -42.00     0.00  -100.00     1.18     0.59     0.67    -0.66   -24.33   -25.01    -0.96     1.17    -1.12    -1.23    -0.01    -0.92     0.00     0.00
