
  ----------------------------------------------------------------------------------------------------------------------------
  IPGKinematics  Version 3.6.7                                            Model: Querlenker                                   
  ----------------------------------------------------------------------------------------------------------------------------

   Table: Compliance - Force Y at Wheel Center                            FSE08 front suspension                              

   WhTra  ForceY_L ForceY_R   TraX_L   TraX_R   TraY_L   TraY_R   TraZ_L   TraZ_R   RotX_L   RotX_R   RotY_L   RotY_R   RotZ_L   RotZ_R WhlLoadL WhlLoadR
     [mm]      [N]      [N]     [mm]     [mm]     [mm]     [mm]     [mm]     [mm]    [deg]    [deg]    [deg]    [deg]    [deg]    [deg]      [N]      [N]

     0.00  1000.00     0.00    -0.09     0.00     0.07     0.00    -0.07     0.00     1.49    -1.50    -0.05     0.00     0.27    -0.13   735.65   668.47
     0.00 -1000.00     0.00     0.09     0.00    -0.07     0.00     0.07     0.00     1.51    -1.50     0.05     0.00    -0.01    -0.13   600.98   668.47
     0.00     0.00  1000.00     0.00     0.09     0.00     0.07     0.00     0.07     1.50    -1.51     0.00     0.05     0.13     0.01   668.47   600.98
     0.00     0.00 -1000.00     0.00    -0.09     0.00    -0.07     0.00    -0.07     1.50    -1.49     0.00    -0.05     0.13    -0.27   668.47   735.65
     2.00  1000.00     0.00    -0.15    -0.06    -0.07     0.14     1.88     1.96     1.63    -1.64    -0.10    -0.06     0.27    -0.13   782.47   711.19
     2.00 -1000.00     0.00     0.03    -0.06    -0.21     0.14     2.03     1.96     1.65    -1.64    -0.01    -0.06     0.00    -0.13   639.58   711.19
     2.00     0.00  1000.00    -0.06     0.03    -0.14     0.21     1.96     2.03     1.64    -1.65    -0.06    -0.01     0.13     0.00   711.19   639.58
     2.00     0.00 -1000.00    -0.06    -0.15    -0.14     0.07     1.96     1.88     1.64    -1.63    -0.06    -0.10     0.13    -0.27   711.19   782.47
     4.00  1000.00     0.00    -0.20    -0.12    -0.22     0.29     3.83     3.91     1.77    -1.78    -0.16    -0.11     0.27    -0.14   829.70   754.33
     4.00 -1000.00     0.00    -0.02    -0.12    -0.36     0.29     3.99     3.91     1.80    -1.78    -0.06    -0.11     0.00    -0.14   678.62   754.33
     4.00     0.00  1000.00    -0.12    -0.02    -0.29     0.36     3.91     3.99     1.78    -1.80    -0.11    -0.06     0.14     0.00   754.33   678.62
     4.00     0.00 -1000.00    -0.12    -0.20    -0.29     0.22     3.91     3.83     1.78    -1.77    -0.11    -0.16     0.14    -0.27   754.33   829.70
     6.00  1000.00     0.00    -0.26    -0.17    -0.37     0.44     5.78     5.86     1.91    -1.92    -0.21    -0.17     0.27    -0.14   877.29   797.84
     6.00 -1000.00     0.00    -0.08    -0.17    -0.51     0.44     5.94     5.86     1.94    -1.92    -0.12    -0.17     0.00    -0.14   718.03   797.84
     6.00     0.00  1000.00    -0.17    -0.08    -0.44     0.51     5.86     5.94     1.92    -1.94    -0.17    -0.12     0.14     0.00   797.84   718.03
     6.00     0.00 -1000.00    -0.17    -0.26    -0.44     0.37     5.86     5.78     1.92    -1.91    -0.17    -0.21     0.14    -0.27   797.84   877.29
     8.00  1000.00     0.00    -0.32    -0.23    -0.53     0.60     7.73     7.81     2.05    -2.07    -0.27    -0.22     0.27    -0.14   925.20   841.67
     8.00 -1000.00     0.00    -0.14    -0.23    -0.68     0.60     7.90     7.81     2.08    -2.07    -0.17    -0.22     0.00    -0.14   757.76   841.67
     8.00     0.00  1000.00    -0.23    -0.14    -0.60     0.68     7.81     7.90     2.07    -2.08    -0.22    -0.17     0.14     0.00   841.67   757.76
     8.00     0.00 -1000.00    -0.23    -0.32    -0.60     0.53     7.81     7.73     2.07    -2.05    -0.22    -0.27     0.14    -0.27   841.67   925.20
    10.00  1000.00     0.00    -0.38    -0.29    -0.70     0.78     9.67     9.76     2.19    -2.21    -0.33    -0.28     0.27    -0.14   973.35   885.74
    10.00 -1000.00     0.00    -0.20    -0.29    -0.85     0.78     9.85     9.76     2.22    -2.21    -0.23    -0.28     0.00    -0.14   797.73   885.74
    10.00     0.00  1000.00    -0.29    -0.20    -0.78     0.85     9.76     9.85     2.21    -2.22    -0.28    -0.23     0.14     0.00   885.74   797.73
    10.00     0.00 -1000.00    -0.29    -0.38    -0.78     0.70     9.76     9.67     2.21    -2.19    -0.28    -0.33     0.14    -0.27   885.74   973.35
    12.00  1000.00     0.00    -0.44    -0.35    -0.88     0.96    11.62    11.71     2.34    -2.35    -0.38    -0.33     0.27    -0.14  1021.64   929.96
    12.00 -1000.00     0.00    -0.26    -0.35    -1.03     0.96    11.81    11.71     2.37    -2.35    -0.29    -0.33     0.00    -0.14   837.86   929.96
    12.00     0.00  1000.00    -0.35    -0.26    -0.96     1.03    11.71    11.81     2.35    -2.37    -0.33    -0.29     0.14     0.00   929.96   837.86
    12.00     0.00 -1000.00    -0.35    -0.44    -0.96     0.88    11.71    11.62     2.35    -2.34    -0.33    -0.38     0.14    -0.27   929.96  1021.64
    14.00  1000.00     0.00    -0.49    -0.41    -1.07     1.14    13.56    13.66     2.48    -2.50    -0.44    -0.39     0.27    -0.14  1069.98   974.22
    14.00 -1000.00     0.00    -0.32    -0.41    -1.22     1.14    13.76    13.66     2.52    -2.50    -0.34    -0.39     0.00    -0.14   878.02   974.22
    14.00     0.00  1000.00    -0.41    -0.32    -1.14     1.22    13.66    13.76     2.50    -2.52    -0.39    -0.34     0.14     0.00   974.22   878.02
    14.00     0.00 -1000.00    -0.41    -0.49    -1.14     1.07    13.66    13.56     2.50    -2.48    -0.39    -0.44     0.14    -0.27   974.22  1069.98
    16.00  1000.00     0.00    -0.55    -0.47    -1.27     1.34    15.50    15.61     2.63    -2.65    -0.50    -0.45     0.27    -0.14  1118.22  1018.39
    16.00 -1000.00     0.00    -0.38    -0.47    -1.42     1.34    15.71    15.61     2.66    -2.65    -0.40    -0.45     0.00    -0.14   918.08  1018.39
    16.00     0.00  1000.00    -0.47    -0.38    -1.34     1.42    15.61    15.71     2.65    -2.66    -0.45    -0.40     0.14     0.00  1018.39   918.08
    16.00     0.00 -1000.00    -0.47    -0.55    -1.34     1.27    15.61    15.50     2.65    -2.63    -0.45    -0.50     0.14    -0.27  1018.39  1118.22
    18.00  1000.00     0.00    -0.61    -0.53    -1.47     1.55    17.45    17.55     2.78    -2.80    -0.55    -0.50     0.27    -0.14  1166.22  1062.29
    18.00 -1000.00     0.00    -0.44    -0.53    -1.62     1.55    17.66    17.55     2.81    -2.80    -0.45    -0.50     0.00    -0.14   957.88  1062.29
    18.00     0.00  1000.00    -0.53    -0.44    -1.55     1.62    17.55    17.66     2.80    -2.81    -0.50    -0.45     0.14     0.00  1062.29   957.88
    18.00     0.00 -1000.00    -0.53    -0.61    -1.55     1.47    17.55    17.45     2.80    -2.78    -0.50    -0.55     0.14    -0.27  1062.29  1166.22
    20.00  1000.00     0.00    -0.67    -0.58    -1.68     1.76    19.39    19.50     2.93    -2.94    -0.61    -0.56     0.27    -0.14  1213.77  1105.74
    20.00 -1000.00     0.00    -0.50    -0.58    -1.84     1.76    19.61    19.50     2.96    -2.94    -0.51    -0.56     0.00    -0.14   997.20  1105.74
    20.00     0.00  1000.00    -0.58    -0.50    -1.76     1.84    19.50    19.61     2.94    -2.96    -0.56    -0.51     0.14     0.00  1105.74   997.20
    20.00     0.00 -1000.00    -0.58    -0.67    -1.76     1.68    19.50    19.39     2.94    -2.93    -0.56    -0.61     0.14    -0.27  1105.74  1213.77
    22.00  1000.00     0.00    -0.73    -0.64    -1.90     1.98    21.33    21.45     3.08    -3.09    -0.67    -0.62     0.27    -0.14  1260.64  1148.49
    22.00 -1000.00     0.00    -0.56    -0.64    -2.06     1.98    21.56    21.45     3.11    -3.09    -0.57    -0.62     0.01    -0.14  1035.81  1148.49
    22.00     0.00  1000.00    -0.64    -0.56    -1.98     2.06    21.45    21.56     3.09    -3.11    -0.62    -0.57     0.14    -0.01  1148.49  1035.81
    22.00     0.00 -1000.00    -0.64    -0.73    -1.98     1.90    21.45    21.33     3.09    -3.08    -0.62    -0.67     0.14    -0.27  1148.49  1260.64
    24.00  1000.00     0.00    -0.78    -0.70    -2.13     2.21    23.27    23.39     3.23    -3.25    -0.73    -0.68     0.27    -0.14  1306.56  1190.26
    24.00 -1000.00     0.00    -0.62    -0.70    -2.29     2.21    23.51    23.39     3.27    -3.25    -0.63    -0.68     0.01    -0.14  1073.40  1190.26
    24.00     0.00  1000.00    -0.70    -0.62    -2.21     2.29    23.39    23.51     3.25    -3.27    -0.68    -0.63     0.14    -0.01  1190.26  1073.40
    24.00     0.00 -1000.00    -0.70    -0.78    -2.21     2.13    23.39    23.27     3.25    -3.23    -0.68    -0.73     0.14    -0.27  1190.26  1306.56
    26.00  1000.00     0.00    -0.84    -0.76    -2.37     2.45    25.21    25.34     3.38    -3.40    -0.78    -0.73     0.27    -0.14  1351.17  1230.68
    26.00 -1000.00     0.00    -0.68    -0.76    -2.53     2.45    25.46    25.34     3.42    -3.40    -0.68    -0.73     0.01    -0.14  1109.62  1230.68
    26.00     0.00  1000.00    -0.76    -0.68    -2.45     2.53    25.34    25.46     3.40    -3.42    -0.73    -0.68     0.14    -0.01  1230.68  1109.62
    26.00     0.00 -1000.00    -0.76    -0.84    -2.45     2.37    25.34    25.21     3.40    -3.38    -0.73    -0.78     0.14    -0.27  1230.68  1351.17
    28.00  1000.00     0.00    -0.90    -0.82    -2.61     2.70    27.16    27.29     3.53    -3.55    -0.84    -0.79     0.27    -0.14  1394.06  1269.34
    28.00 -1000.00     0.00    -0.74    -0.82    -2.78     2.70    27.42    27.29     3.57    -3.55    -0.74    -0.79     0.01    -0.14  1144.02  1269.34
    28.00     0.00  1000.00    -0.82    -0.74    -2.70     2.78    27.29    27.42     3.55    -3.57    -0.79    -0.74     0.14    -0.01  1269.34  1144.02
    28.00     0.00 -1000.00    -0.82    -0.90    -2.70     2.61    27.29    27.16     3.55    -3.53    -0.79    -0.84     0.14    -0.27  1269.34  1394.06
    30.00  1000.00     0.00    -0.96    -0.88    -2.87     2.95    29.10    29.23     3.69    -3.71    -0.90    -0.85     0.27    -0.14  1434.71  1305.70
    30.00 -1000.00     0.00    -0.80    -0.88    -3.03     2.95    29.37    29.23     3.73    -3.71    -0.80    -0.85     0.01    -0.14  1176.05  1305.70
    30.00     0.00  1000.00    -0.88    -0.80    -2.95     3.03    29.23    29.37     3.71    -3.73    -0.85    -0.80     0.14    -0.01  1305.70  1176.05
    30.00     0.00 -1000.00    -0.88    -0.96    -2.95     2.87    29.23    29.10     3.71    -3.69    -0.85    -0.90     0.14    -0.27  1305.70  1434.71
    32.00  1000.00     0.00    -1.02    -0.94    -3.13     3.22    31.05    31.18     3.84    -3.86    -0.96    -0.91     0.27    -0.14  1472.49  1339.10
    32.00 -1000.00     0.00    -0.86    -0.94    -3.30     3.22    31.32    31.18     3.89    -3.86    -0.86    -0.91     0.01    -0.14  1205.05  1339.10
    32.00     0.00  1000.00    -0.94    -0.86    -3.22     3.30    31.18    31.32     3.86    -3.89    -0.91    -0.86     0.14    -0.01  1339.10  1205.05
    32.00     0.00 -1000.00    -0.94    -1.02    -3.22     3.13    31.18    31.05     3.86    -3.84    -0.91    -0.96     0.14    -0.27  1339.10  1472.49
    34.00  1000.00     0.00    -1.08    -1.00    -3.40     3.49    32.99    33.14     4.00    -4.02    -1.02    -0.97     0.27    -0.14  1506.62  1368.75
    34.00 -1000.00     0.00    -0.92    -1.00    -3.57     3.49    33.28    33.14     4.04    -4.02    -0.91    -0.97     0.01    -0.14  1230.18  1368.75
    34.00     0.00  1000.00    -1.00    -0.92    -3.49     3.57    33.14    33.28     4.02    -4.04    -0.97    -0.91     0.14    -0.01  1368.75  1230.18
    34.00     0.00 -1000.00    -1.00    -1.08    -3.49     3.40    33.14    32.99     4.02    -4.00    -0.97    -1.02     0.14    -0.27  1368.75  1506.62
    36.00  1000.00     0.00    -1.14    -1.07    -3.69     3.77    34.95    35.09     4.16    -4.18    -1.08    -1.03     0.27    -0.14  1536.11  1393.61
    36.00 -1000.00     0.00    -0.98    -1.07    -3.86     3.77    35.24    35.09     4.20    -4.18    -0.97    -1.03     0.01    -0.14  1250.39  1393.61
    36.00     0.00  1000.00    -1.07    -0.98    -3.77     3.86    35.09    35.24     4.18    -4.20    -1.03    -0.97     0.14    -0.01  1393.61  1250.39
    36.00     0.00 -1000.00    -1.07    -1.14    -3.77     3.69    35.09    34.95     4.18    -4.16    -1.03    -1.08     0.14    -0.27  1393.61  1536.11
    38.00  1000.00     0.00    -1.20    -1.13    -3.98     4.06    36.90    37.06     4.32    -4.34    -1.14    -1.08     0.27    -0.14  1559.70  1412.41
    38.00 -1000.00     0.00    -1.05    -1.13    -4.15     4.06    37.21    37.06     4.36    -4.34    -1.03    -1.08     0.01    -0.14  1264.34  1412.41
    38.00     0.00  1000.00    -1.13    -1.05    -4.06     4.15    37.06    37.21     4.34    -4.36    -1.08    -1.03     0.14    -0.01  1412.41  1264.34
    38.00     0.00 -1000.00    -1.13    -1.20    -4.06     3.98    37.06    36.90     4.34    -4.32    -1.08    -1.14     0.14    -0.27  1412.41  1559.70
    -2.00  1000.00     0.00    -0.03     0.06     0.20    -0.13    -2.02    -1.96     1.35    -1.36     0.01     0.05     0.27    -0.13   689.29   626.21
    -2.00 -1000.00     0.00     0.15     0.06     0.06    -0.13    -1.89    -1.96     1.37    -1.36     0.10     0.05    -0.01    -0.13   562.85   626.21
    -2.00     0.00  1000.00     0.06     0.15     0.13    -0.06    -1.96    -1.89     1.36    -1.37     0.05     0.10     0.13     0.01   626.21   562.85
    -2.00     0.00 -1000.00     0.06    -0.03     0.13    -0.20    -1.96    -2.02     1.36    -1.35     0.05     0.01     0.13    -0.27   626.21   689.29
    -4.00  1000.00     0.00     0.03     0.12     0.32    -0.25    -3.98    -3.91     1.21    -1.22     0.06     0.11     0.26    -0.13   643.41   584.44
    -4.00 -1000.00     0.00     0.21     0.12     0.19    -0.25    -3.85    -3.91     1.24    -1.22     0.16     0.11    -0.01    -0.13   525.21   584.44
    -4.00     0.00  1000.00     0.12     0.21     0.25    -0.19    -3.91    -3.85     1.22    -1.24     0.11     0.16     0.13     0.01   584.44   525.21
    -4.00     0.00 -1000.00     0.12     0.03     0.25    -0.32    -3.91    -3.98     1.22    -1.21     0.11     0.06     0.13    -0.26   584.44   643.41
    -6.00  1000.00     0.00     0.08     0.17     0.43    -0.37    -5.93    -5.87     1.07    -1.09     0.12     0.16     0.26    -0.13   598.02   543.18
    -6.00 -1000.00     0.00     0.27     0.17     0.30    -0.37    -5.82    -5.87     1.10    -1.09     0.21     0.16    -0.01    -0.13   488.09   543.18
    -6.00     0.00  1000.00     0.17     0.27     0.37    -0.30    -5.87    -5.82     1.09    -1.10     0.16     0.21     0.13     0.01   543.18   488.09
    -6.00     0.00 -1000.00     0.17     0.08     0.37    -0.43    -5.87    -5.93     1.09    -1.07     0.16     0.12     0.13    -0.26   543.18   598.02
    -8.00  1000.00     0.00     0.14     0.23     0.54    -0.47    -7.89    -7.83     0.94    -0.95     0.17     0.22     0.26    -0.13   553.15   502.44
    -8.00 -1000.00     0.00     0.33     0.23     0.41    -0.47    -7.78    -7.83     0.96    -0.95     0.26     0.22    -0.02    -0.13   451.51   502.44
    -8.00     0.00  1000.00     0.23     0.33     0.47    -0.41    -7.83    -7.78     0.95    -0.96     0.22     0.26     0.13     0.02   502.44   451.51
    -8.00     0.00 -1000.00     0.23     0.14     0.47    -0.54    -7.83    -7.89     0.95    -0.94     0.22     0.17     0.13    -0.26   502.44   553.15
   -10.00  1000.00     0.00     0.20     0.29     0.64    -0.57    -9.84    -9.80     0.80    -0.82     0.23     0.27     0.26    -0.12   508.80   462.24
   -10.00 -1000.00     0.00     0.39     0.29     0.50    -0.57    -9.75    -9.80     0.83    -0.82     0.32     0.27    -0.02    -0.12   415.47   462.24
   -10.00     0.00  1000.00     0.29     0.39     0.57    -0.50    -9.80    -9.75     0.82    -0.83     0.27     0.32     0.12     0.02   462.24   415.47
   -10.00     0.00 -1000.00     0.29     0.20     0.57    -0.64    -9.80    -9.84     0.82    -0.80     0.27     0.23     0.12    -0.26   462.24   508.80
   -12.00  1000.00     0.00     0.26     0.35     0.72    -0.66   -11.80   -11.76     0.67    -0.68     0.28     0.32     0.26    -0.12   464.98   422.57
   -12.00 -1000.00     0.00     0.45     0.35     0.59    -0.66   -11.71   -11.76     0.69    -0.68     0.37     0.32    -0.02    -0.12   379.97   422.57
   -12.00     0.00  1000.00     0.35     0.45     0.66    -0.59   -11.76   -11.71     0.68    -0.69     0.32     0.37     0.12     0.02   422.57   379.97
   -12.00     0.00 -1000.00     0.35     0.26     0.66    -0.72   -11.76   -11.80     0.68    -0.67     0.32     0.28     0.12    -0.26   422.57   464.98
   -14.00  1000.00     0.00     0.31     0.41     0.80    -0.74   -13.76   -13.72     0.54    -0.55     0.33     0.38     0.25    -0.12   421.68   383.43
   -14.00 -1000.00     0.00     0.50     0.41     0.67    -0.74   -13.68   -13.72     0.56    -0.55     0.42     0.38    -0.02    -0.12   345.02   383.43
   -14.00     0.00  1000.00     0.41     0.50     0.74    -0.67   -13.72   -13.68     0.55    -0.56     0.38     0.42     0.12     0.02   383.43   345.02
   -14.00     0.00 -1000.00     0.41     0.31     0.74    -0.80   -13.72   -13.76     0.55    -0.54     0.38     0.33     0.12    -0.25   383.43   421.68
   -16.00  1000.00     0.00     0.37     0.46     0.88    -0.81   -15.72   -15.69     0.41    -0.42     0.39     0.43     0.25    -0.12   378.89   344.82
   -16.00 -1000.00     0.00     0.56     0.46     0.75    -0.81   -15.65   -15.69     0.43    -0.42     0.48     0.43    -0.03    -0.12   310.61   344.82
   -16.00     0.00  1000.00     0.46     0.56     0.81    -0.75   -15.69   -15.65     0.42    -0.43     0.43     0.48     0.12     0.03   344.82   310.61
   -16.00     0.00 -1000.00     0.46     0.37     0.81    -0.88   -15.69   -15.72     0.42    -0.41     0.43     0.39     0.12    -0.25   344.82   378.89
   -18.00  1000.00     0.00     0.43     0.52     0.94    -0.88   -17.69   -17.65     0.28    -0.29     0.44     0.48     0.25    -0.11   336.61   306.73
   -18.00 -1000.00     0.00     0.62     0.52     0.81    -0.88   -17.62   -17.65     0.30    -0.29     0.53     0.48    -0.03    -0.11   276.72   306.73
   -18.00     0.00  1000.00     0.52     0.62     0.88    -0.81   -17.65   -17.62     0.29    -0.30     0.48     0.53     0.11     0.03   306.73   276.72
   -18.00     0.00 -1000.00     0.52     0.43     0.88    -0.94   -17.65   -17.69     0.29    -0.28     0.48     0.44     0.11    -0.25   306.73   336.61
   -20.00  1000.00     0.00     0.49     0.58     1.00    -0.93   -19.65   -19.62     0.15    -0.16     0.49     0.54     0.25    -0.11   294.82   269.14
   -20.00 -1000.00     0.00     0.68     0.58     0.87    -0.93   -19.60   -19.62     0.17    -0.16     0.58     0.54    -0.03    -0.11   243.35   269.14
   -20.00     0.00  1000.00     0.58     0.68     0.93    -0.87   -19.62   -19.60     0.16    -0.17     0.54     0.58     0.11     0.03   269.14   243.35
   -20.00     0.00 -1000.00     0.58     0.49     0.93    -1.00   -19.62   -19.65     0.16    -0.15     0.54     0.49     0.11    -0.25   269.14   294.82
   -22.00  1000.00     0.00     0.54     0.64     1.04    -0.98   -21.61   -21.59     0.02    -0.03     0.54     0.59     0.24    -0.11   253.50   232.03
   -22.00 -1000.00     0.00     0.74     0.64     0.91    -0.98   -21.57   -21.59     0.04    -0.03     0.63     0.59    -0.04    -0.11   210.48   232.03
   -22.00     0.00  1000.00     0.64     0.74     0.98    -0.91   -21.59   -21.57     0.03    -0.04     0.59     0.63     0.11     0.04   232.03   210.48
   -22.00     0.00 -1000.00     0.64     0.54     0.98    -1.04   -21.59   -21.61     0.03    -0.02     0.59     0.54     0.11    -0.24   232.03   253.50
   -24.00  1000.00     0.00     0.60     0.70     1.08    -1.02   -23.58   -23.56    -0.11     0.10     0.60     0.64     0.24    -0.10   212.64   195.39
   -24.00 -1000.00     0.00     0.80     0.70     0.95    -1.02   -23.54   -23.56    -0.09     0.10     0.68     0.64    -0.04    -0.10   178.08   195.39
   -24.00     0.00  1000.00     0.70     0.80     1.02    -0.95   -23.56   -23.54    -0.10     0.09     0.64     0.68     0.10     0.04   195.39   178.08
   -24.00     0.00 -1000.00     0.70     0.60     1.02    -1.08   -23.56   -23.58    -0.10     0.11     0.64     0.60     0.10    -0.24   195.39   212.64
   -26.00  1000.00     0.00     0.66     0.75     1.11    -1.05   -25.55   -25.53    -0.23     0.23     0.65     0.69     0.24    -0.10   172.20   159.18
   -26.00 -1000.00     0.00     0.85     0.75     0.98    -1.05   -25.52   -25.53    -0.22     0.23     0.74     0.69    -0.04    -0.10   146.12   159.18
   -26.00     0.00  1000.00     0.75     0.85     1.05    -0.98   -25.53   -25.52    -0.23     0.22     0.69     0.74     0.10     0.04   159.18   146.12
   -26.00     0.00 -1000.00     0.75     0.66     1.05    -1.11   -25.53   -25.55    -0.23     0.23     0.69     0.65     0.10    -0.24   159.18   172.20
   -28.00  1000.00     0.00     0.71     0.81     1.13    -1.07   -27.51   -27.50    -0.36     0.35     0.70     0.74     0.23    -0.10   132.15   123.38
   -28.00 -1000.00     0.00     0.91     0.81     1.01    -1.07   -27.50   -27.50    -0.34     0.35     0.79     0.74    -0.05    -0.10   114.59   123.38
   -28.00     0.00  1000.00     0.81     0.91     1.07    -1.01   -27.50   -27.50    -0.35     0.34     0.74     0.79     0.10     0.05   123.38   114.59
   -28.00     0.00 -1000.00     0.81     0.71     1.07    -1.13   -27.50   -27.51    -0.35     0.36     0.74     0.70     0.10    -0.23   123.38   132.15
   -30.00  1000.00     0.00     0.77     0.87     1.15    -1.08   -29.48   -29.48    -0.48     0.48     0.75     0.79     0.23    -0.09    92.46    87.95
   -30.00 -1000.00     0.00     0.97     0.87     1.02    -1.08   -29.47   -29.48    -0.47     0.48     0.84     0.79    -0.05    -0.09    83.43    87.95
   -30.00     0.00  1000.00     0.87     0.97     1.08    -1.02   -29.48   -29.47    -0.48     0.47     0.79     0.84     0.09     0.05    87.95    83.43
   -30.00     0.00 -1000.00     0.87     0.77     1.08    -1.15   -29.48   -29.48    -0.48     0.48     0.79     0.75     0.09    -0.23    87.95    92.46
   -32.00  1000.00     0.00     0.83     0.92     1.15    -1.09   -31.45   -31.45    -0.61     0.60     0.80     0.84     0.23    -0.09    53.09    52.84
   -32.00 -1000.00     0.00     1.03     0.92     1.02    -1.09   -31.45   -31.45    -0.59     0.60     0.89     0.84    -0.06    -0.09    52.62    52.84
   -32.00     0.00  1000.00     0.92     1.03     1.09    -1.02   -31.45   -31.45    -0.60     0.59     0.84     0.89     0.09     0.06    52.84    52.62
   -32.00     0.00 -1000.00     0.92     0.83     1.09    -1.15   -31.45   -31.45    -0.60     0.61     0.84     0.80     0.09    -0.23    52.84    53.09
   -34.00  1000.00     0.00     0.88     0.98     1.15    -1.08   -33.42   -33.43    -0.73     0.72     0.85     0.89     0.22    -0.09    13.98    18.01
   -34.00 -1000.00     0.00     1.08     0.98     1.02    -1.08   -33.43   -33.43    -0.72     0.72     0.94     0.89    -0.06    -0.09    22.09    18.01
   -34.00     0.00  1000.00     0.98     1.08     1.08    -1.02   -33.43   -33.43    -0.72     0.72     0.89     0.94     0.09     0.06    18.01    22.09
   -34.00     0.00 -1000.00     0.98     0.88     1.08    -1.15   -33.43   -33.42    -0.72     0.73     0.89     0.85     0.09    -0.22    18.01    13.98
   -36.00  1000.00     0.00     0.90     1.01     1.14    -1.08   -34.13   -34.45    -0.77     0.79     0.87     0.92     0.22    -0.08     0.00     0.00
   -36.00 -1000.00     0.00     1.13     1.01     1.01    -1.08   -34.87   -34.45    -0.80     0.79     0.98     0.92    -0.06    -0.08     0.00     0.00
   -36.00     0.00  1000.00     1.01     1.13     1.08    -1.01   -34.45   -34.87    -0.79     0.80     0.92     0.98     0.08     0.06     0.00     0.00
   -36.00     0.00 -1000.00     1.01     0.90     1.08    -1.14   -34.45   -34.13    -0.79     0.77     0.92     0.87     0.08    -0.22     0.00     0.00
