%------------------------------------------------------------------------														
%     FSE_Define_MotorCharacteristic.xls														
%------------------------------------------------------------------------														
%     Copyright (c) 2011 by IPG Automotive GmbH														
%     Bannwaldallee 60, D-76185 Karlsruhe, Tel.: +49.721.98520-0														
%------------------------------------------------------------------------														
%     2011-01-18 (chs)														
%     output: torque-speed-characteristic in Nm 														
%------------------------------------------------------------------------														
														
% rotational speed in rpm														
99999	0	500	1000	1500	2000	2500	3000	3500	4000	4500	5000	5500	6000	7000
														
% gas-pedal | motor-torque in Nm														
0	0	0	-5	-5	-5	-6	-7	-8	-9	-10	-11	-12	-13	-14
0.2	17	17	17	17	17	17	17	15	14	12	11	10	8	-8
0.4	34	34	34	34	34	34	34	30	28	24	22	20	16	-6
0.6	51	51	51	51	51	51	51	46	41	37	33	29	24	-4
0.8	68	68	68	68	68	68	68	61	55	49	44	39	32	-2
1	85	85	85	85	85	85	85	76	69	61	55	49	40	0
