%------------------------------------------------------------------------														
%     FSE_Define_MotorCharacteristic.xls														
%------------------------------------------------------------------------														
%     Copyright (c) 2011 by IPG Automotive GmbH														
%     Bannwaldallee 60, D-76185 Karlsruhe, Tel.: +49.721.98520-0														
%------------------------------------------------------------------------														
%     2011-01-18 (chs)														
%     output: torque-speed-characteristic in Nm 														
%------------------------------------------------------------------------														
														
% rotational speed in rpm														
99999	0	1000	2000	3000	4000	5000	6000	7000	8000	9000	10000	11000	12500	13500
														
% gas pedal | motor torque in Nm														
0	0	0	-5	-5	-5	-6	-7	-8	-9	-10	-11	-12	-13	-14
0.2	20	20	20	20	20	20	20	18	17	15	14	12	10	-8
0.4	40	40	40	40	40	40	40	37	34	30	27	24	20	-6
0.6	60	60	60	60	60	60	60	55	50	46	41	36	30	-4
0.8	80	80	80	80	80	80	80	74	67	61	54	48	40	-2
1	100	100	100	100	100	100	100	92	84	76	68	60	50	0
