#  Time     Vel  VelUpp  VelLow
   0.00    0.00    2.00   -2.00
   1.00    0.00    2.00   -2.00
   2.00    0.00    2.00   -2.00
   3.00    0.00    2.00   -2.00
   4.00    0.00    2.00   -2.00
   5.00    0.00    2.00   -2.00
   6.00    0.00    2.00   -2.00
   7.00    0.00    2.00   -2.00
   8.00    0.00    2.00   -2.00
   9.00    0.00    2.00   -2.00
  10.00    0.00    2.00   -2.00
  11.00    0.00    5.75   -2.00
  12.00    3.75    9.50   -2.00
  13.00    7.50   13.25    1.75
  14.00   11.25   17.00    5.50
  15.00   15.00   17.00    9.25
  16.00   15.00   17.00   13.00
  17.00   15.00   17.00   13.00
  18.00   15.00   17.00   13.00
  19.00   15.00   17.00   13.00
  20.00   15.00   17.00   13.00
  21.00   15.00   17.00   13.00
  22.00   15.00   17.00   13.00
  23.00   15.00   17.00   10.00
  24.00   12.00   17.00    7.00
  25.00    9.00   14.00    4.00
  26.00    6.00   11.00    1.00
  27.00    3.00    8.00   -2.00
  28.00    0.00    5.00   -2.00
  29.00    0.00    2.00   -2.00
  30.00    0.00    2.00   -2.00
  31.00    0.00    2.00   -2.00
  32.00    0.00    2.00   -2.00
  33.00    0.00    2.00   -2.00
  34.00    0.00    2.00   -2.00
  35.00    0.00    2.00   -2.00
  36.00    0.00    2.00   -2.00
  37.00    0.00    2.00   -2.00
  38.00    0.00    2.00   -2.00
  39.00    0.00    2.00   -2.00
  40.00    0.00    2.00   -2.00
  41.00    0.00    2.00   -2.00
  42.00    0.00    2.00   -2.00
  43.00    0.00    2.00   -2.00
  44.00    0.00    2.00   -2.00
  45.00    0.00    2.00   -2.00
  46.00    0.00    2.00   -2.00
  47.00    0.00    2.00   -2.00
  48.00    0.00    2.00   -2.00
  49.00    0.00    4.50   -2.00
  50.00    2.50    7.00   -2.00
  51.00    5.00    9.50    0.50
  52.00    7.50   12.00    3.00
  53.00   10.00   14.50    5.50
  54.00   12.50   17.00    8.00
  55.00   15.00   19.83   10.50
  56.00   17.83   22.67   13.00
  57.00   20.67   25.50   15.83
  58.00   23.50   28.33   18.67
  59.00   26.33   31.17   21.50
  60.00   29.17   34.00   24.33
  61.00   32.00   34.00   27.17
  62.00   32.00   34.00   30.00
  63.00   32.00   34.00   30.00
  64.00   32.00   34.00   30.00
  65.00   32.00   34.00   30.00
  66.00   32.00   34.00   30.00
  67.00   32.00   34.00   30.00
  68.00   32.00   34.00   30.00
  69.00   32.00   34.00   30.00
  70.00   32.00   34.00   30.00
  71.00   32.00   34.00   30.00
  72.00   32.00   34.00   30.00
  73.00   32.00   34.00   30.00
  74.00   32.00   34.00   30.00
  75.00   32.00   34.00   30.00
  76.00   32.00   34.00   30.00
  77.00   32.00   34.00   30.00
  78.00   32.00   34.00   30.00
  79.00   32.00   34.00   30.00
  80.00   32.00   34.00   30.00
  81.00   32.00   34.00   30.00
  82.00   32.00   34.00   30.00
  83.00   32.00   34.00   30.00
  84.00   32.00   34.00   30.00
  85.00   32.00   34.00   27.09
  86.00   29.09   34.00   24.18
  87.00   26.18   31.09   21.27
  88.00   23.27   28.18   18.36
  89.00   20.36   25.27   15.45
  90.00   17.45   22.36   12.55
  91.00   14.55   19.45    9.64
  92.00   11.64   16.55    6.73
  93.00    8.73   13.64    3.82
  94.00    5.82   10.73    0.91
  95.00    2.91    7.82   -2.00
  96.00    0.00    4.91   -2.00
  97.00    0.00    2.00   -2.00
  98.00    0.00    2.00   -2.00
  99.00    0.00    2.00   -2.00
 100.00    0.00    2.00   -2.00
 101.00    0.00    2.00   -2.00
 102.00    0.00    2.00   -2.00
 103.00    0.00    2.00   -2.00
 104.00    0.00    2.00   -2.00
 105.00    0.00    2.00   -2.00
 106.00    0.00    2.00   -2.00
 107.00    0.00    2.00   -2.00
 108.00    0.00    2.00   -2.00
 109.00    0.00    2.00   -2.00
 110.00    0.00    2.00   -2.00
 111.00    0.00    2.00   -2.00
 112.00    0.00    2.00   -2.00
 113.00    0.00    2.00   -2.00
 114.00    0.00    2.00   -2.00
 115.00    0.00    2.00   -2.00
 116.00    0.00    2.00   -2.00
 117.00    0.00    4.50   -2.00
 118.00    2.50    7.00   -2.00
 119.00    5.00    9.50    0.50
 120.00    7.50   12.00    3.00
 121.00   10.00   14.50    5.50
 122.00   12.50   17.00    8.00
 123.00   15.00   18.82   10.50
 124.00   16.82   20.64   13.00
 125.00   18.64   22.45   14.82
 126.00   20.45   24.27   16.64
 127.00   22.27   26.09   18.45
 128.00   24.09   27.91   20.27
 129.00   25.91   29.73   22.09
 130.00   27.73   31.55   23.91
 131.00   29.55   33.36   25.73
 132.00   31.36   35.18   27.55
 133.00   33.18   37.00   29.36
 134.00   35.00   38.67   31.18
 135.00   36.67   40.33   33.00
 136.00   38.33   42.00   34.67
 137.00   40.00   43.67   36.33
 138.00   41.67   45.33   38.00
 139.00   43.33   47.00   39.67
 140.00   45.00   48.67   41.33
 141.00   46.67   50.33   43.00
 142.00   48.33   52.00   44.67
 143.00   50.00   52.00   46.33
 144.00   50.00   52.00   48.00
 145.00   50.00   52.00   48.00
 146.00   50.00   52.00   48.00
 147.00   50.00   52.00   48.00
 148.00   50.00   52.00   48.00
 149.00   50.00   52.00   48.00
 150.00   50.00   52.00   48.00
 151.00   50.00   52.00   48.00
 152.00   50.00   52.00   48.00
 153.00   50.00   52.00   48.00
 154.00   50.00   52.00   48.00
 155.00   50.00   52.00   46.13
 156.00   48.13   52.00   44.25
 157.00   46.25   50.13   42.38
 158.00   44.38   48.25   40.50
 159.00   42.50   46.38   38.63
 160.00   40.63   44.50   36.75
 161.00   38.75   42.63   34.88
 162.00   36.88   40.75   33.00
 163.00   35.00   38.88   33.00
 164.00   35.00   37.00   33.00
 165.00   35.00   37.00   33.00
 166.00   35.00   37.00   33.00
 167.00   35.00   37.00   33.00
 168.00   35.00   37.00   33.00
 169.00   35.00   37.00   33.00
 170.00   35.00   37.00   33.00
 171.00   35.00   37.00   33.00
 172.00   35.00   37.00   33.00
 173.00   35.00   37.00   33.00
 174.00   35.00   37.00   33.00
 175.00   35.00   37.00   33.00
 176.00   35.00   37.00   33.00
 177.00   35.00   37.00   33.00
 178.00   35.00   37.00   29.50
 179.00   31.50   37.00   26.00
 180.00   28.00   33.50   22.50
 181.00   24.50   30.00   19.00
 182.00   21.00   26.50   15.50
 183.00   17.50   23.00   12.00
 184.00   14.00   19.50    8.50
 185.00   10.50   16.00    5.00
 186.00    7.00   12.50    1.50
 187.00    3.50    9.00   -2.00
 188.00    0.00    5.50   -2.00
 189.00    0.00    2.00   -2.00
 190.00    0.00    2.00   -2.00
 191.00    0.00    2.00   -2.00
 192.00    0.00    2.00   -2.00
 193.00    0.00    2.00   -2.00
 194.00    0.00    2.00   -2.00
 195.00    0.00    2.00   -2.00
 196.00    0.00    2.00   -2.00
 197.00    0.00    2.00   -2.00
 198.00    0.00    2.00   -2.00
 199.00    0.00    2.00   -2.00
 200.00    0.00    2.00   -2.00
 201.00    0.00    2.00   -2.00
 202.00    0.00    2.00   -2.00
 203.00    0.00    2.00   -2.00
 204.00    0.00    2.00   -2.00
 205.00    0.00    2.00   -2.00
 206.00    0.00    5.75   -2.00
 207.00    3.75    9.50   -2.00
 208.00    7.50   13.25    1.75
 209.00   11.25   17.00    5.50
 210.00   15.00   17.00    9.25
 211.00   15.00   17.00   13.00
 212.00   15.00   17.00   13.00
 213.00   15.00   17.00   13.00
 214.00   15.00   17.00   13.00
 215.00   15.00   17.00   13.00
 216.00   15.00   17.00   13.00
 217.00   15.00   17.00   13.00
 218.00   15.00   17.00   10.00
 219.00   12.00   17.00    7.00
 220.00    9.00   14.00    4.00
 221.00    6.00   11.00    1.00
 222.00    3.00    8.00   -2.00
 223.00    0.00    5.00   -2.00
 224.00    0.00    2.00   -2.00
 225.00    0.00    2.00   -2.00
 226.00    0.00    2.00   -2.00
 227.00    0.00    2.00   -2.00
 228.00    0.00    2.00   -2.00
 229.00    0.00    2.00   -2.00
 230.00    0.00    2.00   -2.00
 231.00    0.00    2.00   -2.00
 232.00    0.00    2.00   -2.00
 233.00    0.00    2.00   -2.00
 234.00    0.00    2.00   -2.00
 235.00    0.00    2.00   -2.00
 236.00    0.00    2.00   -2.00
 237.00    0.00    2.00   -2.00
 238.00    0.00    2.00   -2.00
 239.00    0.00    2.00   -2.00
 240.00    0.00    2.00   -2.00
 241.00    0.00    2.00   -2.00
 242.00    0.00    2.00   -2.00
 243.00    0.00    2.00   -2.00
 244.00    0.00    4.50   -2.00
 245.00    2.50    7.00   -2.00
 246.00    5.00    9.50    0.50
 247.00    7.50   12.00    3.00
 248.00   10.00   14.50    5.50
 249.00   12.50   17.00    8.00
 250.00   15.00   19.83   10.50
 251.00   17.83   22.67   13.00
 252.00   20.67   25.50   15.83
 253.00   23.50   28.33   18.67
 254.00   26.33   31.17   21.50
 255.00   29.17   34.00   24.33
 256.00   32.00   34.00   27.17
 257.00   32.00   34.00   30.00
 258.00   32.00   34.00   30.00
 259.00   32.00   34.00   30.00
 260.00   32.00   34.00   30.00
 261.00   32.00   34.00   30.00
 262.00   32.00   34.00   30.00
 263.00   32.00   34.00   30.00
 264.00   32.00   34.00   30.00
 265.00   32.00   34.00   30.00
 266.00   32.00   34.00   30.00
 267.00   32.00   34.00   30.00
 268.00   32.00   34.00   30.00
 269.00   32.00   34.00   30.00
 270.00   32.00   34.00   30.00
 271.00   32.00   34.00   30.00
 272.00   32.00   34.00   30.00
 273.00   32.00   34.00   30.00
 274.00   32.00   34.00   30.00
 275.00   32.00   34.00   30.00
 276.00   32.00   34.00   30.00
 277.00   32.00   34.00   30.00
 278.00   32.00   34.00   30.00
 279.00   32.00   34.00   30.00
 280.00   32.00   34.00   27.09
 281.00   29.09   34.00   24.18
 282.00   26.18   31.09   21.27
 283.00   23.27   28.18   18.36
 284.00   20.36   25.27   15.45
 285.00   17.45   22.36   12.55
 286.00   14.55   19.45    9.64
 287.00   11.64   16.55    6.73
 288.00    8.73   13.64    3.82
 289.00    5.82   10.73    0.91
 290.00    2.91    7.82   -2.00
 291.00    0.00    4.91   -2.00
 292.00    0.00    2.00   -2.00
 293.00    0.00    2.00   -2.00
 294.00    0.00    2.00   -2.00
 295.00    0.00    2.00   -2.00
 296.00    0.00    2.00   -2.00
 297.00    0.00    2.00   -2.00
 298.00    0.00    2.00   -2.00
 299.00    0.00    2.00   -2.00
 300.00    0.00    2.00   -2.00
 301.00    0.00    2.00   -2.00
 302.00    0.00    2.00   -2.00
 303.00    0.00    2.00   -2.00
 304.00    0.00    2.00   -2.00
 305.00    0.00    2.00   -2.00
 306.00    0.00    2.00   -2.00
 307.00    0.00    2.00   -2.00
 308.00    0.00    2.00   -2.00
 309.00    0.00    2.00   -2.00
 310.00    0.00    2.00   -2.00
 311.00    0.00    2.00   -2.00
 312.00    0.00    4.50   -2.00
 313.00    2.50    7.00   -2.00
 314.00    5.00    9.50    0.50
 315.00    7.50   12.00    3.00
 316.00   10.00   14.50    5.50
 317.00   12.50   17.00    8.00
 318.00   15.00   18.82   10.50
 319.00   16.82   20.64   13.00
 320.00   18.64   22.45   14.82
 321.00   20.45   24.27   16.64
 322.00   22.27   26.09   18.45
 323.00   24.09   27.91   20.27
 324.00   25.91   29.73   22.09
 325.00   27.73   31.55   23.91
 326.00   29.55   33.36   25.73
 327.00   31.36   35.18   27.55
 328.00   33.18   37.00   29.36
 329.00   35.00   38.67   31.18
 330.00   36.67   40.33   33.00
 331.00   38.33   42.00   34.67
 332.00   40.00   43.67   36.33
 333.00   41.67   45.33   38.00
 334.00   43.33   47.00   39.67
 335.00   45.00   48.67   41.33
 336.00   46.67   50.33   43.00
 337.00   48.33   52.00   44.67
 338.00   50.00   52.00   46.33
 339.00   50.00   52.00   48.00
 340.00   50.00   52.00   48.00
 341.00   50.00   52.00   48.00
 342.00   50.00   52.00   48.00
 343.00   50.00   52.00   48.00
 344.00   50.00   52.00   48.00
 345.00   50.00   52.00   48.00
 346.00   50.00   52.00   48.00
 347.00   50.00   52.00   48.00
 348.00   50.00   52.00   48.00
 349.00   50.00   52.00   48.00
 350.00   50.00   52.00   46.13
 351.00   48.13   52.00   44.25
 352.00   46.25   50.13   42.38
 353.00   44.38   48.25   40.50
 354.00   42.50   46.38   38.63
 355.00   40.63   44.50   36.75
 356.00   38.75   42.63   34.88
 357.00   36.88   40.75   33.00
 358.00   35.00   38.88   33.00
 359.00   35.00   37.00   33.00
 360.00   35.00   37.00   33.00
 361.00   35.00   37.00   33.00
 362.00   35.00   37.00   33.00
 363.00   35.00   37.00   33.00
 364.00   35.00   37.00   33.00
 365.00   35.00   37.00   33.00
 366.00   35.00   37.00   33.00
 367.00   35.00   37.00   33.00
 368.00   35.00   37.00   33.00
 369.00   35.00   37.00   33.00
 370.00   35.00   37.00   33.00
 371.00   35.00   37.00   33.00
 372.00   35.00   37.00   33.00
 373.00   35.00   37.00   29.50
 374.00   31.50   37.00   26.00
 375.00   28.00   33.50   22.50
 376.00   24.50   30.00   19.00
 377.00   21.00   26.50   15.50
 378.00   17.50   23.00   12.00
 379.00   14.00   19.50    8.50
 380.00   10.50   16.00    5.00
 381.00    7.00   12.50    1.50
 382.00    3.50    9.00   -2.00
 383.00    0.00    5.50   -2.00
 384.00    0.00    2.00   -2.00
 385.00    0.00    2.00   -2.00
 386.00    0.00    2.00   -2.00
 387.00    0.00    2.00   -2.00
 388.00    0.00    2.00   -2.00
 389.00    0.00    2.00   -2.00
 390.00    0.00    2.00   -2.00
 391.00    0.00    2.00   -2.00
 392.00    0.00    2.00   -2.00
 393.00    0.00    2.00   -2.00
 394.00    0.00    2.00   -2.00
 395.00    0.00    2.00   -2.00
 396.00    0.00    2.00   -2.00
 397.00    0.00    2.00   -2.00
 398.00    0.00    2.00   -2.00
 399.00    0.00    2.00   -2.00
 400.00    0.00    2.00   -2.00
 401.00    0.00    5.75   -2.00
 402.00    3.75    9.50   -2.00
 403.00    7.50   13.25    1.75
 404.00   11.25   17.00    5.50
 405.00   15.00   17.00    9.25
 406.00   15.00   17.00   13.00
 407.00   15.00   17.00   13.00
 408.00   15.00   17.00   13.00
 409.00   15.00   17.00   13.00
 410.00   15.00   17.00   13.00
 411.00   15.00   17.00   13.00
 412.00   15.00   17.00   13.00
 413.00   15.00   17.00   10.00
 414.00   12.00   17.00    7.00
 415.00    9.00   14.00    4.00
 416.00    6.00   11.00    1.00
 417.00    3.00    8.00   -2.00
 418.00    0.00    5.00   -2.00
 419.00    0.00    2.00   -2.00
 420.00    0.00    2.00   -2.00
 421.00    0.00    2.00   -2.00
 422.00    0.00    2.00   -2.00
 423.00    0.00    2.00   -2.00
 424.00    0.00    2.00   -2.00
 425.00    0.00    2.00   -2.00
 426.00    0.00    2.00   -2.00
 427.00    0.00    2.00   -2.00
 428.00    0.00    2.00   -2.00
 429.00    0.00    2.00   -2.00
 430.00    0.00    2.00   -2.00
 431.00    0.00    2.00   -2.00
 432.00    0.00    2.00   -2.00
 433.00    0.00    2.00   -2.00
 434.00    0.00    2.00   -2.00
 435.00    0.00    2.00   -2.00
 436.00    0.00    2.00   -2.00
 437.00    0.00    2.00   -2.00
 438.00    0.00    2.00   -2.00
 439.00    0.00    4.50   -2.00
 440.00    2.50    7.00   -2.00
 441.00    5.00    9.50    0.50
 442.00    7.50   12.00    3.00
 443.00   10.00   14.50    5.50
 444.00   12.50   17.00    8.00
 445.00   15.00   19.83   10.50
 446.00   17.83   22.67   13.00
 447.00   20.67   25.50   15.83
 448.00   23.50   28.33   18.67
 449.00   26.33   31.17   21.50
 450.00   29.17   34.00   24.33
 451.00   32.00   34.00   27.17
 452.00   32.00   34.00   30.00
 453.00   32.00   34.00   30.00
 454.00   32.00   34.00   30.00
 455.00   32.00   34.00   30.00
 456.00   32.00   34.00   30.00
 457.00   32.00   34.00   30.00
 458.00   32.00   34.00   30.00
 459.00   32.00   34.00   30.00
 460.00   32.00   34.00   30.00
 461.00   32.00   34.00   30.00
 462.00   32.00   34.00   30.00
 463.00   32.00   34.00   30.00
 464.00   32.00   34.00   30.00
 465.00   32.00   34.00   30.00
 466.00   32.00   34.00   30.00
 467.00   32.00   34.00   30.00
 468.00   32.00   34.00   30.00
 469.00   32.00   34.00   30.00
 470.00   32.00   34.00   30.00
 471.00   32.00   34.00   30.00
 472.00   32.00   34.00   30.00
 473.00   32.00   34.00   30.00
 474.00   32.00   34.00   30.00
 475.00   32.00   34.00   27.09
 476.00   29.09   34.00   24.18
 477.00   26.18   31.09   21.27
 478.00   23.27   28.18   18.36
 479.00   20.36   25.27   15.45
 480.00   17.45   22.36   12.55
 481.00   14.55   19.45    9.64
 482.00   11.64   16.55    6.73
 483.00    8.73   13.64    3.82
 484.00    5.82   10.73    0.91
 485.00    2.91    7.82   -2.00
 486.00    0.00    4.91   -2.00
 487.00    0.00    2.00   -2.00
 488.00    0.00    2.00   -2.00
 489.00    0.00    2.00   -2.00
 490.00    0.00    2.00   -2.00
 491.00    0.00    2.00   -2.00
 492.00    0.00    2.00   -2.00
 493.00    0.00    2.00   -2.00
 494.00    0.00    2.00   -2.00
 495.00    0.00    2.00   -2.00
 496.00    0.00    2.00   -2.00
 497.00    0.00    2.00   -2.00
 498.00    0.00    2.00   -2.00
 499.00    0.00    2.00   -2.00
 500.00    0.00    2.00   -2.00
 501.00    0.00    2.00   -2.00
 502.00    0.00    2.00   -2.00
 503.00    0.00    2.00   -2.00
 504.00    0.00    2.00   -2.00
 505.00    0.00    2.00   -2.00
 506.00    0.00    2.00   -2.00
 507.00    0.00    4.50   -2.00
 508.00    2.50    7.00   -2.00
 509.00    5.00    9.50    0.50
 510.00    7.50   12.00    3.00
 511.00   10.00   14.50    5.50
 512.00   12.50   17.00    8.00
 513.00   15.00   18.82   10.50
 514.00   16.82   20.64   13.00
 515.00   18.64   22.45   14.82
 516.00   20.45   24.27   16.64
 517.00   22.27   26.09   18.45
 518.00   24.09   27.91   20.27
 519.00   25.91   29.73   22.09
 520.00   27.73   31.55   23.91
 521.00   29.55   33.36   25.73
 522.00   31.36   35.18   27.55
 523.00   33.18   37.00   29.36
 524.00   35.00   38.67   31.18
 525.00   36.67   40.33   33.00
 526.00   38.33   42.00   34.67
 527.00   40.00   43.67   36.33
 528.00   41.67   45.33   38.00
 529.00   43.33   47.00   39.67
 530.00   45.00   48.67   41.33
 531.00   46.67   50.33   43.00
 532.00   48.33   52.00   44.67
 533.00   50.00   52.00   46.33
 534.00   50.00   52.00   48.00
 535.00   50.00   52.00   48.00
 536.00   50.00   52.00   48.00
 537.00   50.00   52.00   48.00
 538.00   50.00   52.00   48.00
 539.00   50.00   52.00   48.00
 540.00   50.00   52.00   48.00
 541.00   50.00   52.00   48.00
 542.00   50.00   52.00   48.00
 543.00   50.00   52.00   48.00
 544.00   50.00   52.00   48.00
 545.00   50.00   52.00   46.13
 546.00   48.13   52.00   44.25
 547.00   46.25   50.13   42.38
 548.00   44.38   48.25   40.50
 549.00   42.50   46.38   38.63
 550.00   40.63   44.50   36.75
 551.00   38.75   42.63   34.88
 552.00   36.88   40.75   33.00
 553.00   35.00   38.88   33.00
 554.00   35.00   37.00   33.00
 555.00   35.00   37.00   33.00
 556.00   35.00   37.00   33.00
 557.00   35.00   37.00   33.00
 558.00   35.00   37.00   33.00
 559.00   35.00   37.00   33.00
 560.00   35.00   37.00   33.00
 561.00   35.00   37.00   33.00
 562.00   35.00   37.00   33.00
 563.00   35.00   37.00   33.00
 564.00   35.00   37.00   33.00
 565.00   35.00   37.00   33.00
 566.00   35.00   37.00   33.00
 567.00   35.00   37.00   33.00
 568.00   35.00   37.00   29.50
 569.00   31.50   37.00   26.00
 570.00   28.00   33.50   22.50
 571.00   24.50   30.00   19.00
 572.00   21.00   26.50   15.50
 573.00   17.50   23.00   12.00
 574.00   14.00   19.50    8.50
 575.00   10.50   16.00    5.00
 576.00    7.00   12.50    1.50
 577.00    3.50    9.00   -2.00
 578.00    0.00    5.50   -2.00
 579.00    0.00    2.00   -2.00
 580.00    0.00    2.00   -2.00
 581.00    0.00    2.00   -2.00
 582.00    0.00    2.00   -2.00
 583.00    0.00    2.00   -2.00
 584.00    0.00    2.00   -2.00
 585.00    0.00    2.00   -2.00
 586.00    0.00    2.00   -2.00
 587.00    0.00    2.00   -2.00
 588.00    0.00    2.00   -2.00
 589.00    0.00    2.00   -2.00
 590.00    0.00    2.00   -2.00
 591.00    0.00    2.00   -2.00
 592.00    0.00    2.00   -2.00
 593.00    0.00    2.00   -2.00
 594.00    0.00    2.00   -2.00
 595.00    0.00    2.00   -2.00
 596.00    0.00    5.75   -2.00
 597.00    3.75    9.50   -2.00
 598.00    7.50   13.25    1.75
 599.00   11.25   17.00    5.50
 600.00   15.00   17.00    9.25
 601.00   15.00   17.00   13.00
 602.00   15.00   17.00   13.00
 603.00   15.00   17.00   13.00
 604.00   15.00   17.00   13.00
 605.00   15.00   17.00   13.00
 606.00   15.00   17.00   13.00
 607.00   15.00   17.00   13.00
 608.00   15.00   17.00   10.00
 609.00   12.00   17.00    7.00
 610.00    9.00   14.00    4.00
 611.00    6.00   11.00    1.00
 612.00    3.00    8.00   -2.00
 613.00    0.00    5.00   -2.00
 614.00    0.00    2.00   -2.00
 615.00    0.00    2.00   -2.00
 616.00    0.00    2.00   -2.00
 617.00    0.00    2.00   -2.00
 618.00    0.00    2.00   -2.00
 619.00    0.00    2.00   -2.00
 620.00    0.00    2.00   -2.00
 621.00    0.00    2.00   -2.00
 622.00    0.00    2.00   -2.00
 623.00    0.00    2.00   -2.00
 624.00    0.00    2.00   -2.00
 625.00    0.00    2.00   -2.00
 626.00    0.00    2.00   -2.00
 627.00    0.00    2.00   -2.00
 628.00    0.00    2.00   -2.00
 629.00    0.00    2.00   -2.00
 630.00    0.00    2.00   -2.00
 631.00    0.00    2.00   -2.00
 632.00    0.00    2.00   -2.00
 633.00    0.00    2.00   -2.00
 634.00    0.00    4.50   -2.00
 635.00    2.50    7.00   -2.00
 636.00    5.00    9.50    0.50
 637.00    7.50   12.00    3.00
 638.00   10.00   14.50    5.50
 639.00   12.50   17.00    8.00
 640.00   15.00   19.83   10.50
 641.00   17.83   22.67   13.00
 642.00   20.67   25.50   15.83
 643.00   23.50   28.33   18.67
 644.00   26.33   31.17   21.50
 645.00   29.17   34.00   24.33
 646.00   32.00   34.00   27.17
 647.00   32.00   34.00   30.00
 648.00   32.00   34.00   30.00
 649.00   32.00   34.00   30.00
 650.00   32.00   34.00   30.00
 651.00   32.00   34.00   30.00
 652.00   32.00   34.00   30.00
 653.00   32.00   34.00   30.00
 654.00   32.00   34.00   30.00
 655.00   32.00   34.00   30.00
 656.00   32.00   34.00   30.00
 657.00   32.00   34.00   30.00
 658.00   32.00   34.00   30.00
 659.00   32.00   34.00   30.00
 660.00   32.00   34.00   30.00
 661.00   32.00   34.00   30.00
 662.00   32.00   34.00   30.00
 663.00   32.00   34.00   30.00
 664.00   32.00   34.00   30.00
 665.00   32.00   34.00   30.00
 666.00   32.00   34.00   30.00
 667.00   32.00   34.00   30.00
 668.00   32.00   34.00   30.00
 669.00   32.00   34.00   30.00
 670.00   32.00   34.00   27.09
 671.00   29.09   34.00   24.18
 672.00   26.18   31.09   21.27
 673.00   23.27   28.18   18.36
 674.00   20.36   25.27   15.45
 675.00   17.45   22.36   12.55
 676.00   14.55   19.45    9.64
 677.00   11.64   16.55    6.73
 678.00    8.73   13.64    3.82
 679.00    5.82   10.73    0.91
 680.00    2.91    7.82   -2.00
 681.00    0.00    4.91   -2.00
 682.00    0.00    2.00   -2.00
 683.00    0.00    2.00   -2.00
 684.00    0.00    2.00   -2.00
 685.00    0.00    2.00   -2.00
 686.00    0.00    2.00   -2.00
 687.00    0.00    2.00   -2.00
 688.00    0.00    2.00   -2.00
 689.00    0.00    2.00   -2.00
 690.00    0.00    2.00   -2.00
 691.00    0.00    2.00   -2.00
 692.00    0.00    2.00   -2.00
 693.00    0.00    2.00   -2.00
 694.00    0.00    2.00   -2.00
 695.00    0.00    2.00   -2.00
 696.00    0.00    2.00   -2.00
 697.00    0.00    2.00   -2.00
 698.00    0.00    2.00   -2.00
 699.00    0.00    2.00   -2.00
 700.00    0.00    2.00   -2.00
 701.00    0.00    2.00   -2.00
 702.00    0.00    4.50   -2.00
 703.00    2.50    7.00   -2.00
 704.00    5.00    9.50    0.50
 705.00    7.50   12.00    3.00
 706.00   10.00   14.50    5.50
 707.00   12.50   17.00    8.00
 708.00   15.00   18.82   10.50
 709.00   16.82   20.64   13.00
 710.00   18.64   22.45   14.82
 711.00   20.45   24.27   16.64
 712.00   22.27   26.09   18.45
 713.00   24.09   27.91   20.27
 714.00   25.91   29.73   22.09
 715.00   27.73   31.55   23.91
 716.00   29.55   33.36   25.73
 717.00   31.36   35.18   27.55
 718.00   33.18   37.00   29.36
 719.00   35.00   38.67   31.18
 720.00   36.67   40.33   33.00
 721.00   38.33   42.00   34.67
 722.00   40.00   43.67   36.33
 723.00   41.67   45.33   38.00
 724.00   43.33   47.00   39.67
 725.00   45.00   48.67   41.33
 726.00   46.67   50.33   43.00
 727.00   48.33   52.00   44.67
 728.00   50.00   52.00   46.33
 729.00   50.00   52.00   48.00
 730.00   50.00   52.00   48.00
 731.00   50.00   52.00   48.00
 732.00   50.00   52.00   48.00
 733.00   50.00   52.00   48.00
 734.00   50.00   52.00   48.00
 735.00   50.00   52.00   48.00
 736.00   50.00   52.00   48.00
 737.00   50.00   52.00   48.00
 738.00   50.00   52.00   48.00
 739.00   50.00   52.00   48.00
 740.00   50.00   52.00   46.13
 741.00   48.13   52.00   44.25
 742.00   46.25   50.13   42.38
 743.00   44.38   48.25   40.50
 744.00   42.50   46.38   38.63
 745.00   40.63   44.50   36.75
 746.00   38.75   42.63   34.88
 747.00   36.88   40.75   33.00
 748.00   35.00   38.88   33.00
 749.00   35.00   37.00   33.00
 750.00   35.00   37.00   33.00
 751.00   35.00   37.00   33.00
 752.00   35.00   37.00   33.00
 753.00   35.00   37.00   33.00
 754.00   35.00   37.00   33.00
 755.00   35.00   37.00   33.00
 756.00   35.00   37.00   33.00
 757.00   35.00   37.00   33.00
 758.00   35.00   37.00   33.00
 759.00   35.00   37.00   33.00
 760.00   35.00   37.00   33.00
 761.00   35.00   37.00   33.00
 762.00   35.00   37.00   33.00
 763.00   35.00   37.00   29.50
 764.00   31.50   37.00   26.00
 765.00   28.00   33.50   22.50
 766.00   24.50   30.00   19.00
 767.00   21.00   26.50   15.50
 768.00   17.50   23.00   12.00
 769.00   14.00   19.50    8.50
 770.00   10.50   16.00    5.00
 771.00    7.00   12.50    1.50
 772.00    3.50    9.00   -2.00
 773.00    0.00    5.50   -2.00
 774.00    0.00    2.00   -2.00
 775.00    0.00    2.00   -2.00
 776.00    0.00    2.00   -2.00
 777.00    0.00    2.00   -2.00
 778.00    0.00    2.00   -2.00
 779.00    0.00    2.00   -2.00
 780.00    0.00    2.00   -2.00
 781.00    0.00    2.00   -2.00
 782.00    0.00    2.00   -2.00
 783.00    0.00    2.00   -2.00
 784.00    0.00    2.00   -2.00
 785.00    0.00    2.00   -2.00
 786.00    0.00    2.00   -2.00
 787.00    0.00    2.00   -2.00
 788.00    0.00    2.00   -2.00
 789.00    0.00    2.00   -2.00
 790.00    0.00    2.00   -2.00
 791.00    0.00    2.00   -2.00
 792.00    0.00    2.00   -2.00
 793.00    0.00    2.00   -2.00
 794.00    0.00    2.00   -2.00
 795.00    0.00    2.00   -2.00
 796.00    0.00    2.00   -2.00
 797.00    0.00    2.00   -2.00
 798.00    0.00    2.00   -2.00
 799.00    0.00    2.00   -2.00
 800.00    0.00    4.50   -2.00
 801.00    2.50    7.00   -2.00
 802.00    5.00    9.50    0.50
 803.00    7.50   12.00    3.00
 804.00   10.00   14.50    5.50
 805.00   12.50   17.00    8.00
 806.00   15.00   18.82   10.50
 807.00   16.82   20.64   13.00
 808.00   18.64   22.45   14.82
 809.00   20.45   24.27   16.64
 810.00   22.27   26.09   18.45
 811.00   24.09   27.91   20.27
 812.00   25.91   29.73   22.09
 813.00   27.73   31.55   23.91
 814.00   29.55   33.36   25.73
 815.00   31.36   35.18   27.55
 816.00   33.18   37.00   29.36
 817.00   35.00   38.50   31.18
 818.00   36.50   40.00   33.00
 819.00   38.00   41.50   34.50
 820.00   39.50   43.00   36.00
 821.00   41.00   44.50   37.50
 822.00   42.50   46.00   39.00
 823.00   44.00   47.50   40.50
 824.00   45.50   49.00   42.00
 825.00   47.00   50.50   43.50
 826.00   48.50   52.00   45.00
 827.00   50.00   53.43   46.50
 828.00   51.43   54.86   48.00
 829.00   52.86   56.29   49.43
 830.00   54.29   57.71   50.86
 831.00   55.71   59.14   52.29
 832.00   57.14   60.57   53.71
 833.00   58.57   62.00   55.14
 834.00   60.00   63.43   56.57
 835.00   61.43   64.86   58.00
 836.00   62.86   66.29   59.43
 837.00   64.29   67.71   60.86
 838.00   65.71   69.14   62.29
 839.00   67.14   70.57   63.71
 840.00   68.57   72.00   65.14
 841.00   70.00   72.00   66.57
 842.00   70.00   72.00   68.00
 843.00   70.00   72.00   68.00
 844.00   70.00   72.00   68.00
 845.00   70.00   72.00   68.00
 846.00   70.00   72.00   68.00
 847.00   70.00   72.00   68.00
 848.00   70.00   72.00   68.00
 849.00   70.00   72.00   68.00
 850.00   70.00   72.00   68.00
 851.00   70.00   72.00   68.00
 852.00   70.00   72.00   68.00
 853.00   70.00   72.00   68.00
 854.00   70.00   72.00   68.00
 855.00   70.00   72.00   68.00
 856.00   70.00   72.00   68.00
 857.00   70.00   72.00   68.00
 858.00   70.00   72.00   68.00
 859.00   70.00   72.00   68.00
 860.00   70.00   72.00   68.00
 861.00   70.00   72.00   68.00
 862.00   70.00   72.00   68.00
 863.00   70.00   72.00   68.00
 864.00   70.00   72.00   68.00
 865.00   70.00   72.00   68.00
 866.00   70.00   72.00   68.00
 867.00   70.00   72.00   68.00
 868.00   70.00   72.00   68.00
 869.00   70.00   72.00   68.00
 870.00   70.00   72.00   68.00
 871.00   70.00   72.00   68.00
 872.00   70.00   72.00   68.00
 873.00   70.00   72.00   68.00
 874.00   70.00   72.00   68.00
 875.00   70.00   72.00   68.00
 876.00   70.00   72.00   68.00
 877.00   70.00   72.00   68.00
 878.00   70.00   72.00   68.00
 879.00   70.00   72.00   68.00
 880.00   70.00   72.00   68.00
 881.00   70.00   72.00   68.00
 882.00   70.00   72.00   68.00
 883.00   70.00   72.00   68.00
 884.00   70.00   72.00   68.00
 885.00   70.00   72.00   68.00
 886.00   70.00   72.00   68.00
 887.00   70.00   72.00   68.00
 888.00   70.00   72.00   68.00
 889.00   70.00   72.00   68.00
 890.00   70.00   72.00   68.00
 891.00   70.00   72.00   65.50
 892.00   67.50   72.00   63.00
 893.00   65.00   69.50   60.50
 894.00   62.50   67.00   58.00
 895.00   60.00   64.50   55.50
 896.00   57.50   62.00   53.00
 897.00   55.00   59.50   50.50
 898.00   52.50   57.00   48.00
 899.00   50.00   54.50   48.00
 900.00   50.00   52.00   48.00
 901.00   50.00   52.00   48.00
 902.00   50.00   52.00   48.00
 903.00   50.00   52.00   48.00
 904.00   50.00   52.00   48.00
 905.00   50.00   52.00   48.00
 906.00   50.00   52.00   48.00
 907.00   50.00   52.00   48.00
 908.00   50.00   52.00   48.00
 909.00   50.00   52.00   48.00
 910.00   50.00   52.00   48.00
 911.00   50.00   52.00   48.00
 912.00   50.00   52.00   48.00
 913.00   50.00   52.00   48.00
 914.00   50.00   52.00   48.00
 915.00   50.00   52.00   48.00
 916.00   50.00   52.00   48.00
 917.00   50.00   52.00   48.00
 918.00   50.00   52.00   48.00
 919.00   50.00   52.00   48.00
 920.00   50.00   52.00   48.00
 921.00   50.00   52.00   48.00
 922.00   50.00   52.00   48.00
 923.00   50.00   52.00   48.00
 924.00   50.00   52.00   48.00
 925.00   50.00   52.00   48.00
 926.00   50.00   52.00   48.00
 927.00   50.00   52.00   48.00
 928.00   50.00   52.00   48.00
 929.00   50.00   52.00   48.00
 930.00   50.00   52.00   48.00
 931.00   50.00   52.00   48.00
 932.00   50.00   52.00   48.00
 933.00   50.00   52.00   48.00
 934.00   50.00   52.00   48.00
 935.00   50.00   52.00   48.00
 936.00   50.00   52.00   48.00
 937.00   50.00   52.00   48.00
 938.00   50.00   52.00   48.00
 939.00   50.00   52.00   48.00
 940.00   50.00   52.00   48.00
 941.00   50.00   52.00   48.00
 942.00   50.00   52.00   48.00
 943.00   50.00   52.00   48.00
 944.00   50.00   52.00   48.00
 945.00   50.00   52.00   48.00
 946.00   50.00   52.00   48.00
 947.00   50.00   52.00   48.00
 948.00   50.00   52.00   48.00
 949.00   50.00   52.00   48.00
 950.00   50.00   52.00   48.00
 951.00   50.00   52.00   48.00
 952.00   50.00   52.00   48.00
 953.00   50.00   52.00   48.00
 954.00   50.00   52.00   48.00
 955.00   50.00   52.00   48.00
 956.00   50.00   52.00   48.00
 957.00   50.00   52.00   48.00
 958.00   50.00   52.00   48.00
 959.00   50.00   52.00   48.00
 960.00   50.00   52.00   48.00
 961.00   50.00   52.00   48.00
 962.00   50.00   52.00   48.00
 963.00   50.00   52.00   48.00
 964.00   50.00   52.00   48.00
 965.00   50.00   52.00   48.00
 966.00   50.00   52.00   48.00
 967.00   50.00   52.00   48.00
 968.00   50.00   53.54   48.00
 969.00   51.54   55.08   48.00
 970.00   53.08   56.62   49.54
 971.00   54.62   58.15   51.08
 972.00   56.15   59.69   52.62
 973.00   57.69   61.23   54.15
 974.00   59.23   62.77   55.69
 975.00   60.77   64.31   57.23
 976.00   62.31   65.85   58.77
 977.00   63.85   67.38   60.31
 978.00   65.38   68.92   61.85
 979.00   66.92   70.46   63.38
 980.00   68.46   72.00   64.92
 981.00   70.00   72.00   66.46
 982.00   70.00   72.00   68.00
 983.00   70.00   72.00   68.00
 984.00   70.00   72.00   68.00
 985.00   70.00   72.00   68.00
 986.00   70.00   72.00   68.00
 987.00   70.00   72.00   68.00
 988.00   70.00   72.00   68.00
 989.00   70.00   72.00   68.00
 990.00   70.00   72.00   68.00
 991.00   70.00   72.00   68.00
 992.00   70.00   72.00   68.00
 993.00   70.00   72.00   68.00
 994.00   70.00   72.00   68.00
 995.00   70.00   72.00   68.00
 996.00   70.00   72.00   68.00
 997.00   70.00   72.00   68.00
 998.00   70.00   72.00   68.00
 999.00   70.00   72.00   68.00
1000.00   70.00   72.00   68.00
1001.00   70.00   72.00   68.00
1002.00   70.00   72.00   68.00
1003.00   70.00   72.00   68.00
1004.00   70.00   72.00   68.00
1005.00   70.00   72.00   68.00
1006.00   70.00   72.00   68.00
1007.00   70.00   72.00   68.00
1008.00   70.00   72.00   68.00
1009.00   70.00   72.00   68.00
1010.00   70.00   72.00   68.00
1011.00   70.00   72.00   68.00
1012.00   70.00   72.00   68.00
1013.00   70.00   72.00   68.00
1014.00   70.00   72.00   68.00
1015.00   70.00   72.00   68.00
1016.00   70.00   72.00   68.00
1017.00   70.00   72.00   68.00
1018.00   70.00   72.00   68.00
1019.00   70.00   72.00   68.00
1020.00   70.00   72.00   68.00
1021.00   70.00   72.00   68.00
1022.00   70.00   72.00   68.00
1023.00   70.00   72.00   68.00
1024.00   70.00   72.00   68.00
1025.00   70.00   72.00   68.00
1026.00   70.00   72.00   68.00
1027.00   70.00   72.00   68.00
1028.00   70.00   72.00   68.00
1029.00   70.00   72.00   68.00
1030.00   70.00   72.00   68.00
1031.00   70.00   72.86   68.00
1032.00   70.86   73.71   68.00
1033.00   71.71   74.57   68.86
1034.00   72.57   75.43   69.71
1035.00   73.43   76.29   70.57
1036.00   74.29   77.14   71.43
1037.00   75.14   78.00   72.29
1038.00   76.00   78.86   73.14
1039.00   76.86   79.71   74.00
1040.00   77.71   80.57   74.86
1041.00   78.57   81.43   75.71
1042.00   79.43   82.29   76.57
1043.00   80.29   83.14   77.43
1044.00   81.14   84.00   78.29
1045.00   82.00   84.86   79.14
1046.00   82.86   85.71   80.00
1047.00   83.71   86.57   80.86
1048.00   84.57   87.43   81.71
1049.00   85.43   88.29   82.57
1050.00   86.29   89.14   83.43
1051.00   87.14   90.00   84.29
1052.00   88.00   90.86   85.14
1053.00   88.86   91.71   86.00
1054.00   89.71   92.57   86.86
1055.00   90.57   93.43   87.71
1056.00   91.43   94.29   88.57
1057.00   92.29   95.14   89.43
1058.00   93.14   96.00   90.29
1059.00   94.00   96.86   91.14
1060.00   94.86   97.71   92.00
1061.00   95.71   98.57   92.86
1062.00   96.57   99.43   93.71
1063.00   97.43  100.29   94.57
1064.00   98.29  101.14   95.43
1065.00   99.14  102.00   96.29
1066.00  100.00  102.00   97.14
1067.00  100.00  102.00   98.00
1068.00  100.00  102.00   98.00
1069.00  100.00  102.00   98.00
1070.00  100.00  102.00   98.00
1071.00  100.00  102.00   98.00
1072.00  100.00  102.00   98.00
1073.00  100.00  102.00   98.00
1074.00  100.00  102.00   98.00
1075.00  100.00  102.00   98.00
1076.00  100.00  102.00   98.00
1077.00  100.00  102.00   98.00
1078.00  100.00  102.00   98.00
1079.00  100.00  102.00   98.00
1080.00  100.00  102.00   98.00
1081.00  100.00  102.00   98.00
1082.00  100.00  102.00   98.00
1083.00  100.00  102.00   98.00
1084.00  100.00  102.00   98.00
1085.00  100.00  102.00   98.00
1086.00  100.00  102.00   98.00
1087.00  100.00  102.00   98.00
1088.00  100.00  102.00   98.00
1089.00  100.00  102.00   98.00
1090.00  100.00  102.00   98.00
1091.00  100.00  102.00   98.00
1092.00  100.00  102.00   98.00
1093.00  100.00  102.00   98.00
1094.00  100.00  102.00   98.00
1095.00  100.00  102.00   98.00
1096.00  100.00  103.00   98.00
1097.00  101.00  104.00   98.00
1098.00  102.00  105.00   99.00
1099.00  103.00  106.00  100.00
1100.00  104.00  107.00  101.00
1101.00  105.00  108.00  102.00
1102.00  106.00  109.00  103.00
1103.00  107.00  110.00  104.00
1104.00  108.00  111.00  105.00
1105.00  109.00  112.00  106.00
1106.00  110.00  113.00  107.00
1107.00  111.00  114.00  108.00
1108.00  112.00  115.00  109.00
1109.00  113.00  116.00  110.00
1110.00  114.00  117.00  111.00
1111.00  115.00  118.00  112.00
1112.00  116.00  119.00  113.00
1113.00  117.00  120.00  114.00
1114.00  118.00  121.00  115.00
1115.00  119.00  122.00  116.00
1116.00  120.00  122.00  117.00
1117.00  120.00  122.00  118.00
1118.00  120.00  122.00  118.00
1119.00  120.00  122.00  118.00
1120.00  120.00  122.00  118.00
1121.00  120.00  122.00  118.00
1122.00  120.00  122.00  118.00
1123.00  120.00  122.00  118.00
1124.00  120.00  122.00  118.00
1125.00  120.00  122.00  118.00
1126.00  120.00  122.00  115.50
1127.00  117.50  122.00  113.00
1128.00  115.00  119.50  110.50
1129.00  112.50  117.00  108.00
1130.00  110.00  114.50  105.50
1131.00  107.50  112.00  103.00
1132.00  105.00  109.50  100.50
1133.00  102.50  107.00   98.00
1134.00  100.00  104.50   95.50
1135.00   97.50  102.00   93.00
1136.00   95.00   99.50   90.50
1137.00   92.50   97.00   88.00
1138.00   90.00   94.50   85.50
1139.00   87.50   92.00   83.00
1140.00   85.00   89.50   80.50
1141.00   82.50   87.00   78.00
1142.00   80.00   84.50   74.25
1143.00   76.25   82.00   70.50
1144.00   72.50   78.25   66.75
1145.00   68.75   74.50   63.00
1146.00   65.00   70.75   59.25
1147.00   61.25   67.00   55.50
1148.00   57.50   63.25   51.75
1149.00   53.75   59.50   48.00
1150.00   50.00   55.75   43.00
1151.00   45.00   52.00   38.00
1152.00   40.00   47.00   33.00
1153.00   35.00   42.00   28.00
1154.00   30.00   37.00   23.00
1155.00   25.00   32.00   18.00
1156.00   20.00   27.00   13.00
1157.00   15.00   22.00    8.00
1158.00   10.00   17.00    3.00
1159.00    5.00   12.00   -2.00
1160.00    0.00    7.00   -2.00
1161.00    0.00    2.00   -2.00
1162.00    0.00    2.00   -2.00
1163.00    0.00    2.00   -2.00
1164.00    0.00    2.00   -2.00
1165.00    0.00    2.00   -2.00
1166.00    0.00    2.00   -2.00
1167.00    0.00    2.00   -2.00
1168.00    0.00    2.00   -2.00
1169.00    0.00    2.00   -2.00
1170.00    0.00    2.00   -2.00
1171.00    0.00    2.00   -2.00
1172.00    0.00    2.00   -2.00
1173.00    0.00    2.00   -2.00
1174.00    0.00    2.00   -2.00
1175.00    0.00    2.00   -2.00
1176.00    0.00    2.00   -2.00
1177.00    0.00    2.00   -2.00
1178.00    0.00    2.00   -2.00
1179.00    0.00    2.00   -2.00
1180.00    0.00    2.00   -2.00
